time (s)	coil I (A)	last det (V)	int current (uC)
9856.319035	1.096633	-0.140971	564.766174
9856.319974	1.485769	-0.140971	1959.903320
9856.320849	0.667159	-0.140971	2543.667725
9856.321903	0.090194	-0.140971	2638.732422
9856.322925	0.087217	-0.140971	2727.867920
9856.323806	0.087158	-0.140971	2804.654297
9856.324778	0.087173	-0.140971	2889.386230
9856.325836	0.087213	-0.140971	2981.657715
9856.326755	0.087177	-0.140971	3061.772949
9856.327612	0.087341	-0.140971	3136.624512
9856.328670	0.087341	-0.140971	3229.031738
9856.329685	0.087114	-0.140971	3317.452637
9856.330576	0.087096	-0.140971	3395.055176
9857.353158	0.992736	-0.122904	427.869049
9857.354023	1.476046	-0.122904	1704.648926
9857.355085	0.691718	-0.122904	2439.252930
9857.356113	0.090037	-0.122904	2531.810547
9857.356994	0.087180	-0.122904	2608.616211
9857.357933	0.087290	-0.122904	2690.581543
9857.358974	0.087272	-0.122904	2781.431396
9857.359906	0.087213	-0.122904	2862.714111
9857.360766	0.087334	-0.122904	2937.821289
9857.361817	0.087330	-0.122904	3029.605469
9857.362838	0.087111	-0.122904	3118.545410
9857.363708	0.087180	-0.122904	3194.392090
9857.364656	0.087330	-0.122904	3277.181152
9858.362870	1.040255	-0.071853	487.879669
9858.363752	1.480269	-0.071853	1793.476562
9858.364625	0.812003	-0.071853	2502.355469
9858.365693	0.092113	-0.071853	2600.732178
9858.366614	0.087111	-0.071853	2680.960937
9858.367528	0.087151	-0.071853	2760.616943
9858.368401	0.087089	-0.071853	2836.645264
9858.369435	0.087187	-0.071853	2926.797119
9858.370328	0.087103	-0.071853	3004.580322
9858.371202	0.087147	-0.071853	3080.747070
9858.372158	0.087246	-0.071853	3164.154297
9858.373127	0.087034	-0.071853	3248.489990
9858.374052	0.087100	-0.071853	3329.057129
9859.464780	1.114845	-0.189605	629.887390
9859.465841	1.477621	-0.189605	2197.643066
9859.466733	0.399525	-0.189605	2554.019531
9859.467646	0.088905	-0.189605	2635.189941
9859.468720	0.087162	-0.189605	2728.801758
9859.469668	0.087242	-0.189605	2811.507568
9859.470533	0.087114	-0.189605	2886.861328
9859.471586	0.087352	-0.189605	2978.843262
9859.472616	0.087122	-0.189605	3068.578613
9859.473495	0.087078	-0.189605	3145.119873
9859.474448	0.087294	-0.189605	3228.310791
9859.475507	0.087180	-0.189605	3320.634521
9860.437436	1.008435	-0.070858	430.601746
9860.438552	1.479543	-0.070858	2081.772217
9860.439510	0.424761	-0.070858	2488.692871
9860.440384	0.089000	-0.070858	2566.479004
9860.441448	0.087389	-0.070858	2659.460937
9860.442482	0.087173	-0.070858	2749.597656
9860.443367	0.087257	-0.070858	2826.820068
9860.444287	0.087312	-0.070858	2907.147217
9860.445347	0.087257	-0.070858	2999.639648
9860.446282	0.087162	-0.070858	3081.135986
9860.447141	0.087330	-0.070858	3156.152832
9860.448196	0.087316	-0.070858	3248.270752
9861.548474	0.994772	-0.195776	421.783203
9861.549433	1.481173	-0.195776	1842.228149
9861.550364	0.711746	-0.195776	2504.863281
9861.551245	0.094021	-0.195776	2587.695801
9861.552180	0.087056	-0.195776	2669.092773
9861.553128	0.087074	-0.195776	2751.638916
9861.554047	0.087074	-0.195776	2831.659912
9861.554910	0.087169	-0.195776	2906.886963
9861.555943	0.087155	-0.195776	2996.917725
9861.556826	0.087125	-0.195776	3073.849365
9861.557739	0.087129	-0.195776	3153.397949
9861.558598	0.087206	-0.195776	3228.307617
9861.559587	0.087074	-0.195776	3314.423828
9862.521380	1.067161	-0.071462	544.251892
9862.522408	1.486864	-0.071462	2072.748047
9862.523283	0.531698	-0.071462	2537.983887
9862.524263	0.090366	-0.071462	2626.542725
9862.525327	0.087162	-0.071462	2719.282959
9862.526224	0.087140	-0.071462	2797.447510
9862.527088	0.087177	-0.071462	2872.768066
9862.528162	0.087217	-0.071462	2966.438965
9862.529171	0.087067	-0.071462	3054.289307
9862.530065	0.087048	-0.071462	3132.110596
9862.531055	0.087279	-0.071462	3218.516846
9862.532104	0.087177	-0.071462	3309.965088
9862.533001	0.087067	-0.071462	3388.063965
9863.629272	1.006794	-0.175465	445.003143
9863.630138	1.476826	-0.175465	1723.934570
9863.631196	0.651969	-0.175465	2413.717773
9863.632215	0.089191	-0.175465	2504.603027
9863.633099	0.087220	-0.175465	2581.705811
9863.634069	0.087242	-0.175465	2666.331055
9863.635125	0.087169	-0.175465	2758.381836
9863.636041	0.087136	-0.175465	2838.198730
9863.636897	0.087092	-0.175465	2912.749756
9863.637952	0.087415	-0.175465	3004.972168
9863.638955	0.087144	-0.175465	3092.377197
9863.639844	0.087133	-0.175465	3169.838135
9863.640823	0.087327	-0.175465	3255.330811
9864.605195	1.046953	-0.059160	525.570435
9864.606089	1.482279	-0.059160	1850.727905
9864.606954	0.751201	-0.059160	2500.517090
9864.608046	0.090524	-0.059160	2599.368896
9864.608998	0.087125	-0.059160	2682.312012
9864.609865	0.087177	-0.059160	2757.894043
9864.610886	0.087319	-0.059160	2847.047119
9864.611950	0.087345	-0.059160	2939.982178
9864.612832	0.087118	-0.059160	3016.820068
9864.613702	0.087261	-0.059160	3092.736816
9864.614803	0.087360	-0.059160	3188.919678
9864.615753	0.087122	-0.059160	3271.685059
9864.616612	0.087155	-0.059160	3346.550781
9865.715204	1.043507	-0.173810	518.623047
9865.716083	1.481217	-0.173810	1820.612793
9865.716992	0.758247	-0.173810	2509.859375
9865.718065	0.090344	-0.173810	2606.798828
9865.719021	0.087078	-0.173810	2690.045166
9865.719889	0.087206	-0.173810	2765.739746
9865.720928	0.087316	-0.173810	2856.460693
9865.721961	0.087177	-0.173810	2946.514160
9865.722859	0.087191	-0.173810	3024.811768
9865.723800	0.087268	-0.173810	3106.930908
9865.724831	0.087257	-0.173810	3196.893066
9865.725762	0.087151	-0.173810	3278.030518
9865.726623	0.087180	-0.173810	3353.092773
9866.684974	1.077913	-0.059289	579.916992
9866.685862	1.484110	-0.059289	1897.806763
9866.686735	0.698979	-0.059289	2508.015869
9866.687841	0.089623	-0.059289	2607.138672
9866.688814	0.087195	-0.059289	2691.979248
9866.689686	0.087334	-0.059289	2768.134521
9866.690752	0.087477	-0.059289	2861.384766
9866.691783	0.087239	-0.059289	2951.327881
9866.692675	0.087173	-0.059289	3029.086182
9866.693562	0.087268	-0.059289	3106.492920
9866.694660	0.087231	-0.059289	3202.272949
9866.695610	0.087209	-0.059289	3285.122070
9866.696477	0.087187	-0.059289	3360.713623
9867.799999	0.989656	-0.182869	423.572693
9867.801034	1.480821	-0.182869	1956.222900
9867.802030	0.482820	-0.182869	2437.111328
9867.802913	0.089777	-0.182869	2516.384033
9867.803772	0.087166	-0.182869	2591.259277
9867.804852	0.087268	-0.182869	2685.508789
9867.805755	0.087250	-0.182869	2764.295410
9867.806619	0.087155	-0.182869	2839.596924
9867.807611	0.087319	-0.182869	2926.217773
9867.808608	0.087162	-0.182869	3013.118164
9867.809501	0.087257	-0.182869	3091.038818
9867.810365	0.087275	-0.182869	3166.444824
9867.811453	0.087283	-0.182869	3261.408447
9868.766675	1.005245	-0.069670	453.365631
9868.767764	1.479137	-0.069670	2064.145752
9868.768729	0.420967	-0.069670	2470.378662
9868.769593	0.089059	-0.069670	2547.325439
9868.770644	0.087316	-0.069670	2639.094238
9868.771664	0.087136	-0.069670	2727.973145
9868.772550	0.087239	-0.069670	2805.266602
9868.773485	0.087345	-0.069670	2886.934082
9868.774534	0.087297	-0.069670	2978.509033
9868.775462	0.087246	-0.069670	3059.473389
9868.776326	0.087301	-0.069670	3134.901367
9868.777388	0.087297	-0.069670	3227.611084
9869.884920	1.047715	-0.190257	495.569122
9869.885813	1.480807	-0.190257	1817.929565
9869.886688	0.806960	-0.190257	2524.020020
9869.887654	0.098928	-0.190257	2619.584717
9869.888613	0.087202	-0.190257	2703.211670
9869.889490	0.087103	-0.190257	2779.601318
9869.890419	0.087133	-0.190257	2860.547363
9869.891481	0.087264	-0.190257	2953.222168
9869.892387	0.087081	-0.190257	3032.117920
9869.893255	0.087173	-0.190257	3107.783936
9869.894290	0.087191	-0.190257	3198.026855
9869.895252	0.087169	-0.190257	3281.883545
9869.896130	0.087220	-0.190257	3358.463135
9870.859703	1.002458	-0.077561	423.037476
9870.860810	1.481891	-0.077561	2063.490723
9870.861774	0.445020	-0.077561	2492.489502
9870.862637	0.089352	-0.077561	2569.600098
9870.863698	0.087228	-0.077561	2662.148682
9870.864741	0.087103	-0.077561	2752.997314
9870.865616	0.087308	-0.077561	2829.392090
9870.866539	0.087239	-0.077561	2909.913574
9870.867608	0.087275	-0.077561	3003.210937
9870.868556	0.087169	-0.077561	3085.847412
9870.869421	0.087089	-0.077561	3161.178955
9870.870454	0.087418	-0.077561	3251.481934
9871.948256	1.022992	-0.125059	459.323364
9871.949143	1.478093	-0.125059	1770.392090
9871.950008	0.867180	-0.125059	2520.502930
9871.951082	0.093369	-0.125059	2620.781494
9871.951983	0.087089	-0.125059	2699.248291
9871.952913	0.087162	-0.125059	2780.308838
9871.953777	0.087100	-0.125059	2855.562988
9871.954822	0.087158	-0.125059	2946.643311
9871.955715	0.087114	-0.125059	3024.436279
9871.956586	0.087217	-0.125059	3100.402100
9871.957590	0.087136	-0.125059	3187.886963
9871.958529	0.087136	-0.125059	3269.707764
9871.959445	0.086982	-0.125059	3349.383545
9872.974352	1.055750	-0.127206	537.376526
9872.975244	1.482334	-0.127206	1859.618408
9872.976107	0.749326	-0.127206	2506.286865
9872.977223	0.090648	-0.127206	2607.450195
9872.978168	0.087122	-0.127206	2689.780029
9872.979041	0.087191	-0.127206	2765.897949
9872.980037	0.087319	-0.127206	2852.867920
9872.981076	0.087272	-0.127206	2943.543213
9872.981979	0.087195	-0.127206	3022.280029
9872.982850	0.087290	-0.127206	3098.309570
9872.983950	0.087209	-0.127206	3194.239990
9872.984914	0.087111	-0.127206	3278.214600
9872.985782	0.087209	-0.127206	3353.912354
9873.994225	1.008761	-0.077916	485.214020
9873.995155	1.481920	-0.077916	1863.399658
9873.996075	0.681687	-0.077916	2490.551758
9873.996945	0.093571	-0.077916	2571.958252
9873.997894	0.087056	-0.077916	2654.573975
9873.998842	0.087144	-0.077916	2737.186035
9873.999736	0.087198	-0.077916	2815.141602
9874.000683	0.087078	-0.077916	2897.604004
9874.001643	0.087111	-0.077916	2981.230225
9874.002569	0.087114	-0.077916	3061.897949
9874.003430	0.087162	-0.077916	3136.944336
9874.004464	0.087111	-0.077916	3227.016602
9874.005340	0.087070	-0.077916	3303.290283
9875.089982	1.099204	-0.185911	592.471008
9875.091013	1.487021	-0.185911	2125.590088
9875.091903	0.467677	-0.185911	2541.822510
9875.092847	0.089777	-0.185911	2626.571533
9875.093905	0.087217	-0.185911	2718.846924
9875.094832	0.087158	-0.185911	2799.642578
9875.095694	0.087136	-0.185911	2874.753906
9875.096737	0.087279	-0.185911	2965.785889
9875.097757	0.087155	-0.185911	3054.683594
9875.098633	0.087162	-0.185911	3131.037354
9875.099591	0.087305	-0.185911	3214.675293
9875.100644	0.087129	-0.185911	3306.422119
9876.058558	0.984423	-0.067237	418.379608
9876.059547	1.476522	-0.067237	1878.660156
9876.060608	0.506609	-0.067237	2416.172119
9876.061517	0.088865	-0.067237	2496.950195
9876.062375	0.087283	-0.067237	2571.838867
9876.063454	0.087286	-0.067237	2666.020752
9876.064457	0.087089	-0.067237	2753.370605
9876.065338	0.087059	-0.067237	2830.069824
9876.066334	0.087231	-0.067237	2916.952393
9876.067407	0.087187	-0.067237	3010.504639
9876.068284	0.087162	-0.067237	3086.945557
9876.069151	0.087166	-0.067237	3162.518066
9876.070241	0.087396	-0.067237	3257.780029
9877.163574	1.094824	-0.165427	585.730957
9877.164535	1.486703	-0.165427	2014.452393
9877.165417	0.591654	-0.165427	2536.291260
9877.166336	0.092076	-0.165427	2620.909424
9877.167397	0.087191	-0.165427	2713.419189
9877.168275	0.087184	-0.165427	2789.966553
9877.169136	0.087250	-0.165427	2865.088623
9877.170182	0.087286	-0.165427	2956.390137
9877.171147	0.087140	-0.165427	3040.480225
9877.172012	0.087191	-0.165427	3115.900635
9877.172875	0.087261	-0.165427	3191.206543
9877.173971	0.087118	-0.165427	3286.687744
9877.174860	0.087144	-0.165427	3364.158447
9878.183458	1.076492	-0.135182	553.316711
9878.184421	1.486047	-0.135182	1984.380371
9878.185287	0.646725	-0.135182	2544.444092
9878.186322	0.090190	-0.135182	2637.791260
9878.187357	0.087180	-0.135182	2728.022705
9878.188236	0.087239	-0.135182	2804.705566
9878.189176	0.087155	-0.135182	2886.630859
9878.190232	0.087195	-0.135182	2978.708496
9878.191171	0.087169	-0.135182	3060.560303
9878.192029	0.087202	-0.135182	3135.379639
9878.193101	0.087286	-0.135182	3228.950684
9878.194116	0.087129	-0.135182	3317.386475
9878.194984	0.087173	-0.135182	3393.052490
9879.196214	1.093041	-0.069263	588.055969
9879.197261	1.485905	-0.069263	2143.798096
9879.198142	0.459749	-0.069263	2548.836426
9879.199070	0.089850	-0.069263	2632.217041
9879.200133	0.087155	-0.069263	2724.862305
9879.201064	0.087070	-0.069263	2805.924805
9879.201926	0.087235	-0.069263	2881.121582
9879.202977	0.087294	-0.069263	2972.867187
9879.203994	0.087122	-0.069263	3061.469727
9879.204869	0.087202	-0.069263	3137.771729
9879.205816	0.087239	-0.069263	3220.386719
9879.206863	0.087290	-0.069263	3311.779297
9880.300064	1.072496	-0.181790	549.118103
9880.300997	1.484806	-0.181790	1934.442139
9880.301872	0.683514	-0.181790	2532.517334
9880.302837	0.094028	-0.181790	2623.254639
9880.303851	0.087140	-0.181790	2711.614502
9880.304732	0.087114	-0.181790	2788.362061
9880.305589	0.087338	-0.181790	2863.210449
9880.306639	0.087209	-0.181790	2954.780273
9880.307577	0.087166	-0.181790	3036.541504
9880.308450	0.087283	-0.181790	3112.739258
9880.309383	0.087316	-0.181790	3194.204834
9880.310449	0.087085	-0.181790	3287.037354
9880.311346	0.087184	-0.181790	3365.241211
9881.280016	1.056775	-0.105908	536.841614
9881.280927	1.483542	-0.105908	1888.348877
9881.281790	0.739841	-0.105908	2526.832031
9881.282869	0.090443	-0.105908	2624.420166
9881.283867	0.087111	-0.105908	2711.356445
9881.284755	0.087191	-0.105908	2788.782227
9881.285730	0.087305	-0.105908	2873.904297
9881.286780	0.087202	-0.105908	2965.466553
9881.287699	0.087107	-0.105908	3045.517822
9881.288560	0.087239	-0.105908	3120.630371
9881.289647	0.087246	-0.105908	3215.466797
9881.290635	0.087129	-0.105908	3301.550049
9881.291517	0.087184	-0.105908	3378.446289
9882.342939	1.070779	-0.084558	543.955627
9882.343917	1.486190	-0.084558	1997.449463
9882.344800	0.605101	-0.084558	2531.753906
9882.345821	0.090890	-0.084558	2624.552490
9882.346854	0.087195	-0.084558	2714.624756
9882.347731	0.087213	-0.084558	2791.110596
9882.348616	0.087147	-0.084558	2868.235840
9882.349723	0.087268	-0.084558	2964.841553
9882.350676	0.087059	-0.084558	3047.809082
9882.351536	0.087191	-0.084558	3122.793457
9882.352548	0.087239	-0.084558	3211.079102
9882.353597	0.087144	-0.084558	3302.492676
9882.354478	0.087125	-0.084558	3379.250000
9883.425217	0.981548	-0.202383	415.194733
9883.426141	1.474684	-0.202383	1777.802612
9883.427147	0.639529	-0.202383	2421.168457
9883.428064	0.091146	-0.202383	2504.749512
9883.428954	0.087180	-0.202383	2582.339844
9883.429951	0.087312	-0.202383	2669.389893
9883.430868	0.087220	-0.202383	2749.371094
9883.431788	0.087129	-0.202383	2829.529785
9883.432649	0.087308	-0.202383	2904.702148
9883.433692	0.087089	-0.202383	2995.535645
9883.434587	0.087070	-0.202383	3073.463623
9883.435459	0.087235	-0.202383	3149.532715
9883.436458	0.087290	-0.202383	3236.735352
9884.394949	1.009735	-0.076195	435.195831
9884.396053	1.480521	-0.076195	2069.691162
9884.397033	0.402528	-0.076195	2464.168701
9884.397898	0.088865	-0.076195	2541.036621
9884.398912	0.087338	-0.076195	2629.596924
9884.399963	0.087184	-0.076195	2721.227051
9884.400844	0.087158	-0.076195	2798.013428
9884.401713	0.087136	-0.076195	2873.734863
9884.402831	0.087294	-0.076195	2971.329102
9884.403781	0.087078	-0.076195	3054.052734
9884.404638	0.087151	-0.076195	3128.740967
9884.405674	0.087319	-0.076195	3219.203857
9885.487553	0.991674	-0.123266	425.427979
9885.488515	1.476079	-0.123266	1845.416138
9885.489574	0.538718	-0.123266	2415.918945
9885.490496	0.089099	-0.123266	2498.068359
9885.491357	0.087129	-0.123266	2573.086426
9885.492428	0.087235	-0.123266	2666.515137
9885.493439	0.087169	-0.123266	2754.643066
9885.494313	0.087180	-0.123266	2830.838623
9885.495297	0.087352	-0.123266	2916.793213
9885.496355	0.087301	-0.123266	3009.157715
9885.497262	0.087308	-0.123266	3088.346436
9885.498120	0.087330	-0.123266	3163.275879
9885.499183	0.087385	-0.123266	3256.166504
9886.534116	1.006179	-0.174019	465.860962
9886.535004	1.479448	-0.174019	1779.610962
9886.535918	0.790045	-0.174019	2501.712158
9886.536919	0.091791	-0.174019	2593.594727
9886.537842	0.086964	-0.174019	2673.862549
9886.538706	0.087151	-0.174019	2749.160889
9886.539745	0.087114	-0.174019	2839.672607
9886.540630	0.087026	-0.174019	2916.690918
9886.541491	0.087195	-0.174019	2991.765625
9886.542365	0.087114	-0.174019	3067.903564
9886.543422	0.087133	-0.174019	3160.002686
9886.544319	0.087114	-0.174019	3238.144287
9886.545196	0.087133	-0.174019	3314.559570
9887.522324	1.063619	-0.075499	535.000549
9887.523326	1.486285	-0.075499	2024.258545
9887.524208	0.579679	-0.075499	2535.535400
9887.525227	0.090656	-0.075499	2627.913330
9887.526253	0.087158	-0.075499	2717.337646
9887.527134	0.087166	-0.075499	2794.130371
9887.528004	0.087286	-0.075499	2870.069580
9887.529101	0.087312	-0.075499	2965.850830
9887.530075	0.087177	-0.075499	3050.760742
9887.530941	0.087272	-0.075499	3126.338135
9887.532021	0.087283	-0.075499	3220.603516
9887.533072	0.087275	-0.075499	3312.330078
9887.533962	0.087169	-0.075499	3389.910645
9888.627146	1.000265	-0.149535	430.113892
9888.628071	1.476039	-0.149535	1795.449829
9888.629128	0.576936	-0.149535	2405.271240
9888.630069	0.089396	-0.149535	2489.392578
9888.630930	0.087067	-0.149535	2564.356934
9888.631978	0.087206	-0.149535	2655.748535
9888.633001	0.087067	-0.149535	2744.817627
9888.633878	0.087122	-0.149535	2821.223145
9888.634822	0.087180	-0.149535	2903.521240
9888.635899	0.087173	-0.149535	2997.406494
9888.636819	0.087133	-0.149535	3077.568359
9888.637688	0.087100	-0.149535	3153.257812
9888.638745	0.087118	-0.149535	3245.341553
9889.640897	0.983577	-0.135637	422.937958
9889.641759	1.474398	-0.135637	1693.869141
9889.642819	0.684840	-0.135637	2419.799561
9889.643702	0.092424	-0.135637	2501.410156
9889.644575	0.087103	-0.135637	2577.451416
9889.645478	0.087235	-0.135637	2656.224609
9889.646501	0.087228	-0.135637	2745.458740
9889.647394	0.087158	-0.135637	2823.291016
9889.648270	0.087129	-0.135637	2899.615967
9889.649280	0.087290	-0.135637	2987.778809
9889.650215	0.087169	-0.135637	3069.281982
9889.651141	0.087111	-0.135637	3149.946289
9889.652003	0.087147	-0.135637	3225.067139
9890.655764	1.060847	-0.070121	542.092896
9890.656685	1.483564	-0.070121	1908.455811
9890.657549	0.714518	-0.070121	2525.799316
9890.658615	0.090231	-0.070121	2621.985352
9890.659618	0.087220	-0.070121	2709.467529
9890.660511	0.087235	-0.070121	2787.368408
9890.661482	0.087290	-0.070121	2872.126953
9890.662520	0.087253	-0.070121	2962.696045
9890.663433	0.087111	-0.070121	3042.228027
9890.664296	0.087246	-0.070121	3117.521484
9890.665384	0.087144	-0.070121	3212.333740
9890.666368	0.087096	-0.070121	3298.036133
9890.667258	0.087195	-0.070121	3375.639648
9891.759574	1.019528	-0.193951	459.806915
9891.760449	1.477361	-0.193951	1752.497681
9891.761455	0.708450	-0.193951	2465.198242
9891.762508	0.090308	-0.193951	2560.292236
9891.763396	0.087242	-0.193951	2637.763428
9891.764254	0.087155	-0.193951	2712.541992
9891.765368	0.087360	-0.193951	2809.860596
9891.766329	0.087085	-0.193951	2893.549316
9891.767184	0.087151	-0.193951	2968.063232
9891.768243	0.087418	-0.193951	3060.639160
9891.769301	0.087316	-0.193951	3153.019043
9891.770175	0.087261	-0.193951	3229.284912
9891.771089	0.087184	-0.193951	3308.970947
9892.736451	0.992087	-0.093163	429.573853
9892.737326	1.475783	-0.093163	1720.883545
9892.738192	0.899740	-0.093163	2500.058350
9892.739249	0.094651	-0.093163	2600.104248
9892.740126	0.087180	-0.093163	2676.561279
9892.740995	0.087151	-0.093163	2752.295410
9892.741921	0.087279	-0.093163	2833.115723
9892.742915	0.087195	-0.093163	2919.787354
9892.743829	0.087081	-0.093163	2999.379639
9892.744707	0.087341	-0.093163	3076.065430
9892.745794	0.087272	-0.093163	3170.929687
9892.746693	0.087250	-0.093163	3249.367187
9892.747562	0.087206	-0.093163	3325.148926
9893.813694	0.982046	-0.130328	415.405426
9893.814708	1.480334	-0.130328	1916.464478
9893.815747	0.498457	-0.130328	2434.361328
9893.816626	0.089414	-0.130328	2512.956299
9893.817533	0.087151	-0.130328	2592.002197
9893.818596	0.087334	-0.130328	2684.838135
9893.819542	0.087264	-0.130328	2767.390137
9893.820406	0.087166	-0.130328	2842.701172
9893.821449	0.087411	-0.130328	2933.870605
9893.822482	0.087202	-0.130328	3023.950439
9893.823354	0.087253	-0.130328	3100.035400
9893.824301	0.087294	-0.130328	3182.702637
9893.825361	0.087250	-0.130328	3275.187500
9894.871583	1.071346	-0.169798	548.529358
9894.872575	1.486480	-0.169798	2023.116943
9894.873475	0.546584	-0.169798	2515.042969
9894.874461	0.090322	-0.169798	2604.100830
9894.875524	0.087213	-0.169798	2696.808350
9894.876425	0.087272	-0.169798	2775.440186
9894.877286	0.087228	-0.169798	2850.543213
9894.878395	0.087268	-0.169798	2947.323486
9894.879367	0.087187	-0.169798	3032.069824
9894.880237	0.087272	-0.169798	3107.996338
9894.881282	0.087356	-0.169798	3199.283203
9894.882318	0.087166	-0.169798	3289.586670
9894.883213	0.087228	-0.169798	3367.655518
9895.853508	0.993135	-0.073565	427.047943
9895.854378	1.475230	-0.073565	1710.497681
9895.855310	0.844266	-0.073565	2497.354004
9895.856233	0.095947	-0.073565	2585.913330
9895.857161	0.087180	-0.073565	2666.816650
9895.858032	0.087180	-0.073565	2742.750488
9895.859072	0.087286	-0.073565	2833.528320
9895.859974	0.087133	-0.073565	2912.121826
9895.860898	0.087217	-0.073565	2992.710205
9895.861764	0.087173	-0.073565	3068.201904
9895.862764	0.087166	-0.073565	3155.367432
9895.863681	0.087228	-0.073565	3235.355225
9895.864550	0.087169	-0.073565	3311.105225
9896.969661	0.986338	-0.191522	419.193604
9896.970577	1.474702	-0.191522	1770.020752
9896.971664	0.557384	-0.191522	2375.897217
9896.972615	0.089026	-0.191522	2460.560791
9896.973477	0.087048	-0.191522	2535.596436
9896.974524	0.087308	-0.191522	2627.008301
9896.975541	0.087034	-0.191522	2715.521484
9896.976430	0.087151	-0.191522	2792.998535
9896.977387	0.087202	-0.191522	2876.450928
9896.978434	0.087140	-0.191522	2967.686279
9896.979360	0.087004	-0.191522	3048.252441
9896.980221	0.087275	-0.191522	3123.396484
9896.981282	0.087261	-0.191522	3215.980225
9897.948671	1.043196	-0.103789	510.122772
9897.949546	1.480294	-0.103789	1805.380127
9897.950461	0.765948	-0.103789	2506.222900
9897.951545	0.090168	-0.103789	2603.965576
9897.952492	0.087041	-0.103789	2686.393311
9897.953357	0.087155	-0.103789	2761.781982
9897.954410	0.087184	-0.103789	2853.586670
9897.955429	0.087122	-0.103789	2942.363525
9897.956326	0.087173	-0.103789	3020.557617
9897.957276	0.087308	-0.103789	3103.500488
9897.958330	0.087111	-0.103789	3195.314941
9897.959264	0.087129	-0.103789	3276.693359
9897.960126	0.087122	-0.103789	3351.792236
9899.019741	1.027178	-0.105828	475.583282
9899.020630	1.479060	-0.105828	1790.467651
9899.021624	0.686071	-0.105828	2472.421875
9899.022565	0.091062	-0.105828	2558.111328
9899.023487	0.086964	-0.105828	2638.292236
9899.024352	0.087136	-0.105828	2713.665039
9899.025394	0.087004	-0.105828	2804.323730
9899.026279	0.086927	-0.105828	2881.254639
9899.027143	0.087056	-0.105828	2956.470703
9899.028100	0.087246	-0.105828	3039.965332
9899.029051	0.087100	-0.105828	3122.797119
9899.029973	0.087067	-0.105828	3203.072510
9899.030848	0.087217	-0.105828	3279.387207
9900.077609	1.078451	-0.191683	564.029846
9900.078636	1.487289	-0.191683	2091.475586
9900.079517	0.514841	-0.191683	2545.050781
9900.080497	0.090403	-0.191683	2633.645508
9900.081547	0.087257	-0.191683	2725.265381
9900.082459	0.087217	-0.191683	2804.807129
9900.083315	0.087213	-0.191683	2879.461670
9900.084378	0.087239	-0.191683	2972.196533
9900.085385	0.087158	-0.191683	3059.964844
9900.086275	0.087198	-0.191683	3137.571533
9900.087258	0.087272	-0.191683	3223.359619
9900.088308	0.087250	-0.191683	3314.971924
9900.089211	0.087378	-0.191683	3393.874268
9901.066680	1.003923	-0.075708	423.655640
9901.067807	1.476870	-0.075708	2088.088379
9901.068766	0.412899	-0.075708	2484.058594
9901.069636	0.088945	-0.075708	2561.440918
9901.070684	0.087312	-0.075708	2652.943848
9901.071710	0.087015	-0.075708	2742.221680
9901.072602	0.087129	-0.075708	2819.940674
9901.073529	0.087180	-0.075708	2900.756592
9901.074591	0.087239	-0.075708	2993.404053
9901.075520	0.087089	-0.075708	3074.309326
9901.076380	0.087195	-0.075708	3149.296875
9901.077435	0.087334	-0.075708	3241.434326
9902.181836	1.007245	-0.220736	444.195007
9902.182709	1.476332	-0.220736	1733.032471
9902.183574	0.881550	-0.220736	2495.573486
9902.184664	0.093164	-0.220736	2597.122314
9902.185585	0.087173	-0.220736	2677.408447
9902.186463	0.087187	-0.220736	2753.958984
9902.187434	0.087257	-0.220736	2838.685547
9902.188433	0.087037	-0.220736	2925.635742
9902.189319	0.087155	-0.220736	3002.854736
9902.190179	0.087140	-0.220736	3077.794922
9902.191269	0.087158	-0.220736	3172.797363
9902.192181	0.087136	-0.220736	3252.265625
9902.193049	0.087045	-0.220736	3327.820312
9903.141387	1.052791	-0.065371	528.500854
9903.142270	1.481660	-0.065371	1836.806763
9903.143136	0.757115	-0.065371	2492.468750
9903.144245	0.090417	-0.065371	2592.741699
9903.145221	0.087129	-0.065371	2677.779541
9903.146088	0.087290	-0.065371	2753.459961
9903.147125	0.087294	-0.065371	2843.983643
9903.148160	0.087078	-0.065371	2934.108887
9903.149052	0.087144	-0.065371	3011.840820
9903.149942	0.087231	-0.065371	3089.476807
9903.151027	0.087242	-0.065371	3184.134766
9903.151971	0.087114	-0.065371	3266.370605
9903.152831	0.087217	-0.065371	3341.376953
9904.264721	1.042786	-0.205110	530.777893
9904.265627	1.482283	-0.205110	1873.726074
9904.266504	0.736820	-0.205110	2519.917236
9904.267438	0.096021	-0.205110	2609.600342
9904.268438	0.087129	-0.205110	2696.729248
9904.269352	0.087089	-0.205110	2776.328125
9904.270210	0.087250	-0.205110	2851.188477
9904.271269	0.087052	-0.205110	2943.376465
9904.272169	0.087158	-0.205110	3021.818848
9904.273086	0.087166	-0.205110	3101.749512
9904.273952	0.087264	-0.205110	3177.320557
9904.274989	0.087074	-0.205110	3267.616211
9904.275882	0.087048	-0.205110	3345.350342
9905.233465	1.102654	-0.077408	608.664917
9905.234539	1.473746	-0.077408	2191.468262
9905.235431	0.391498	-0.077408	2540.684326
9905.236297	0.088817	-0.077408	2617.599854
9905.237428	0.087191	-0.077408	2716.213135
9905.238397	0.087067	-0.077408	2800.580811
9905.239259	0.087111	-0.077408	2875.670166
9905.240302	0.087400	-0.077408	2966.828369
9905.241324	0.087334	-0.077408	3056.083740
9905.242208	0.087147	-0.077408	3133.121826
9905.243146	0.087140	-0.077408	3214.859131
9905.244194	0.087231	-0.077408	3306.277588
9906.339258	0.991274	-0.195780	421.291626
9906.340299	1.482382	-0.195780	1964.450806
9906.341334	0.429071	-0.195780	2408.539307
9906.342221	0.088755	-0.195780	2487.264893
9906.343187	0.087085	-0.195780	2571.388916
9906.344236	0.087140	-0.195780	2662.798584
9906.345161	0.087224	-0.195780	2743.480957
9906.346024	0.087162	-0.195780	2818.701660
9906.347122	0.087187	-0.195780	2914.433594
9906.348110	0.087147	-0.195780	3000.535156
9906.348997	0.087092	-0.195780	3077.786133
9906.349990	0.087224	-0.195780	3164.399658
9907.322297	0.982548	-0.085529	417.582733
9907.323326	1.480049	-0.085529	1940.552979
9907.324381	0.466648	-0.085529	2432.866699
9907.325248	0.088854	-0.085529	2509.902832
9907.326153	0.087195	-0.085529	2588.814209
9907.327228	0.087231	-0.085529	2682.587891
9907.328184	0.087114	-0.085529	2765.869141
9907.329052	0.087045	-0.085529	2841.423828
9907.330070	0.087338	-0.085529	2930.333496
9907.331114	0.087085	-0.085529	3021.250244
9907.332001	0.087089	-0.085529	3098.497803
9907.332932	0.087356	-0.085529	3179.826172
9907.333989	0.087286	-0.085529	3272.087891
9908.418010	1.008428	-0.181322	449.758759
9908.418880	1.476672	-0.181322	1734.463623
9908.419910	0.688356	-0.181322	2443.469971
9908.420946	0.089769	-0.181322	2536.470947
9908.421816	0.087155	-0.181322	2612.295410
9908.422714	0.087184	-0.181322	2690.586426
9908.423808	0.087242	-0.181322	2786.029541
9908.424763	0.087001	-0.181322	2869.115234
9908.425631	0.086997	-0.181322	2944.628662
9908.426659	0.087323	-0.181322	3034.396729
9908.427689	0.087290	-0.181322	3124.305420
9908.428587	0.087228	-0.181322	3202.635986
9908.429543	0.087268	-0.181322	3286.064209
9909.411300	1.002587	-0.093755	465.200195
9909.412190	1.479434	-0.093755	1781.895996
9909.413072	0.796307	-0.093755	2484.239258
9909.414179	0.090311	-0.093755	2584.213867
9909.415076	0.087231	-0.093755	2662.460449
9909.415952	0.087129	-0.093755	2738.785400
9909.416874	0.087305	-0.093755	2819.280273
9909.417879	0.087118	-0.093755	2906.833740
9909.418756	0.087129	-0.093755	2983.245850
9909.419612	0.087220	-0.093755	3057.906494
9909.420673	0.087257	-0.093755	3150.486328
9909.421582	0.087074	-0.093755	3229.636475
9909.422461	0.087100	-0.093755	3306.197021
9910.499861	1.064744	-0.179111	538.760254
9910.500890	1.486637	-0.179111	2068.509766
9910.501792	0.497417	-0.179111	2517.179932
9910.502759	0.090253	-0.179111	2604.454346
9910.503818	0.087202	-0.179111	2696.801514
9910.504738	0.087147	-0.179111	2776.977051
9910.505598	0.087283	-0.179111	2852.040283
9910.506658	0.087268	-0.179111	2944.544434
9910.507645	0.087162	-0.179111	3030.573242
9910.508529	0.087272	-0.179111	3107.721436
9910.509515	0.087272	-0.179111	3193.771484
9910.510549	0.087195	-0.179111	3283.930908
9911.496124	0.982855	-0.088800	415.747772
9911.497167	1.481448	-0.088800	1960.897827
9911.498071	0.615465	-0.088800	2517.278320
9911.498978	0.090985	-0.088800	2599.801758
9911.499852	0.087169	-0.088800	2675.987549
9911.500892	0.087089	-0.088800	2766.559814
9911.501785	0.087224	-0.088800	2844.450928
9911.502656	0.087136	-0.088800	2920.346680
9911.503648	0.087133	-0.088800	3006.782227
9911.504590	0.087169	-0.088800	3088.895508
9911.505511	0.087045	-0.088800	3169.063721
9911.506374	0.087202	-0.088800	3244.319092
9911.507411	0.087151	-0.088800	3334.694580
9912.586786	1.064359	-0.194394	546.016235
9912.587719	1.484454	-0.194394	1931.012085
9912.588586	0.693717	-0.194394	2532.464844
9912.589629	0.090732	-0.194394	2627.098633
9912.590655	0.087144	-0.194394	2716.507812
9912.591522	0.087045	-0.194394	2791.975586
9912.592479	0.087301	-0.194394	2875.522705
9912.593536	0.087275	-0.194394	2967.772705
9912.594469	0.087100	-0.194394	3049.036621
9912.595333	0.087070	-0.194394	3124.265381
9912.596398	0.087341	-0.194394	3217.283936
9912.597410	0.087286	-0.194394	3305.617676
9912.598299	0.087209	-0.194394	3383.146973
9913.571788	0.999489	-0.081142	433.778015
9913.572672	1.477112	-0.081142	1739.544922
9913.573589	0.829750	-0.081142	2500.425537
9913.574530	0.095522	-0.081142	2590.312256
9913.575450	0.086964	-0.081142	2670.319336
9913.576325	0.087107	-0.081142	2746.537842
9913.577289	0.087202	-0.081142	2830.600830
9913.578214	0.087242	-0.081142	2911.300049
9913.579103	0.087144	-0.081142	2988.770752
9913.580046	0.087177	-0.081142	3070.978271
9913.580997	0.087092	-0.081142	3153.802979
9913.581912	0.087111	-0.081142	3233.509277
9913.582795	0.087184	-0.081142	3310.492676
9914.681786	0.992219	-0.214238	420.700958
9914.682854	1.482949	-0.214238	2004.490723
9914.683866	0.419890	-0.214238	2429.419434
9914.684755	0.088802	-0.214238	2508.364746
9914.685730	0.087316	-0.214238	2593.497559
9914.686785	0.087162	-0.214238	2685.453369
9914.687699	0.087180	-0.214238	2765.135986
9914.688564	0.087290	-0.214238	2840.641846
9914.689641	0.087382	-0.214238	2934.751709
9914.690629	0.087169	-0.214238	3020.874756
9914.691524	0.087294	-0.214238	3099.002686
9914.692525	0.087319	-0.214238	3186.409424
9915.643403	1.049458	-0.065327	526.827942
9915.644292	1.481861	-0.065327	1844.202881
9915.645163	0.751157	-0.065327	2498.460937
9915.646287	0.090007	-0.065327	2599.629150
9915.647271	0.087151	-0.065327	2685.385498
9915.648140	0.087242	-0.065327	2761.199219
9915.649188	0.087426	-0.065327	2852.821289
9915.650240	0.087297	-0.065327	2944.658203
9915.651136	0.087158	-0.065327	3022.751953
9915.652057	0.087323	-0.065327	3103.176514
9915.653142	0.087268	-0.065327	3197.862305
9915.654086	0.087187	-0.065327	3280.167236
9915.654949	0.087191	-0.065327	3355.413086
9916.769802	1.053091	-0.213932	528.651611
9916.770717	1.482986	-0.213932	1885.583618
9916.771581	0.740706	-0.213932	2525.553223
9916.772668	0.090743	-0.213932	2624.191406
9916.773668	0.087144	-0.213932	2711.334961
9916.774551	0.087206	-0.213932	2788.337646
9916.775539	0.087242	-0.213932	2874.533203
9916.776588	0.087177	-0.213932	2965.981445
9916.777487	0.087191	-0.213932	3044.366211
9916.778344	0.087118	-0.213932	3119.026367
9916.779431	0.087261	-0.213932	3213.878906
9916.780423	0.087202	-0.213932	3300.383545
9916.781299	0.087114	-0.213932	3376.695557
9917.732394	1.082816	-0.074161	566.312805
9917.733426	1.486428	-0.074161	2100.306885
9917.734319	0.478883	-0.074161	2527.949463
9917.735250	0.090095	-0.074161	2611.828125
9917.736322	0.087217	-0.074161	2705.324463
9917.737262	0.087217	-0.074161	2787.308350
9917.738121	0.087220	-0.074161	2862.230713
9917.739179	0.087484	-0.074161	2954.788818
9917.740182	0.087158	-0.074161	3042.208496
9917.741070	0.087187	-0.074161	3119.631104
9917.742049	0.087213	-0.074161	3205.012695
9917.743082	0.087268	-0.074161	3295.160645
9918.840266	1.002989	-0.185895	437.303375
9918.841142	1.476196	-0.185895	1730.451294
9918.842008	0.860394	-0.185895	2475.552734
9918.843126	0.092333	-0.185895	2578.780762
9918.844026	0.087155	-0.185895	2657.219727
9918.844901	0.087107	-0.185895	2733.438232
9918.845892	0.087312	-0.185895	2819.964355
9918.846881	0.087224	-0.185895	2906.229004
9918.847772	0.087122	-0.185895	2983.854248
9918.848634	0.087187	-0.185895	3059.009766
9918.849727	0.087272	-0.185895	3154.397705
9918.850629	0.087162	-0.185895	3233.017822
9918.851496	0.087041	-0.185895	3308.482422
9919.840692	0.976732	-0.109377	409.250793
9919.841610	1.474383	-0.109377	1762.734863
9919.842684	0.589644	-0.109377	2396.011963
9919.843628	0.089381	-0.109377	2480.387695
9919.844490	0.087045	-0.109377	2555.420166
9919.845533	0.087180	-0.109377	2646.349121
9919.846552	0.087107	-0.109377	2735.111084
9919.847430	0.087253	-0.109377	2811.719482
9919.848386	0.087217	-0.109377	2895.098633
9919.849441	0.087228	-0.109377	2987.124023
9919.850374	0.087107	-0.109377	3068.394775
9919.851231	0.087133	-0.109377	3143.067383
9919.852269	0.087268	-0.109377	3233.651611
9920.887225	0.979728	-0.114726	411.485687
9920.888122	1.473885	-0.114726	1733.560913
9920.889216	0.586190	-0.114726	2374.853027
9920.890174	0.089301	-0.114726	2460.402832
9920.891044	0.087184	-0.114726	2536.252686
9920.892068	0.087367	-0.114726	2625.716553
9920.893094	0.087173	-0.114726	2715.156006
9920.893985	0.087187	-0.114726	2792.840088
9920.894909	0.087184	-0.114726	2873.397949
9920.895986	0.087261	-0.114726	2967.377686
9920.896929	0.087162	-0.114726	3049.571289
9920.897793	0.087198	-0.114726	3124.910889
9920.898853	0.087308	-0.114726	3217.457764
9921.964472	0.979742	-0.196131	414.431061
9921.965461	1.476694	-0.196131	1874.881714
9921.966477	0.530490	-0.196131	2413.859131
9921.967367	0.090114	-0.196131	2494.060059
9921.968228	0.087257	-0.196131	2569.188477
9921.969311	0.087261	-0.196131	2663.691895
9921.970226	0.087136	-0.196131	2743.421631
9921.971098	0.087206	-0.196131	2819.465088
9921.972086	0.087246	-0.196131	2905.664307
9921.973100	0.087275	-0.196131	2994.161621
9921.973977	0.087118	-0.196131	3070.563965
9921.974840	0.087257	-0.196131	3145.866699
9921.975883	0.087272	-0.196131	3236.891113
9922.943427	0.990260	-0.088796	424.821503
9922.944291	1.474622	-0.088796	1698.894653
9922.945356	0.651449	-0.088796	2392.687744
9922.946365	0.089337	-0.088796	2482.828857
9922.947258	0.087246	-0.088796	2560.739746
9922.948234	0.087334	-0.088796	2645.977783
9922.949291	0.087308	-0.088796	2738.262695
9922.950210	0.087140	-0.088796	2818.344238
9922.951073	0.087147	-0.088796	2893.552246
9922.952163	0.087264	-0.088796	2988.670410
9922.953158	0.087213	-0.088796	3075.447510
9922.954055	0.087253	-0.088796	3153.713867
9922.955064	0.087349	-0.088796	3241.848633
9924.060611	0.986616	-0.217787	420.298492
9924.061627	1.480096	-0.217787	1924.076416
9924.062685	0.468922	-0.217787	2420.196045
9924.063566	0.088857	-0.217787	2498.479492
9924.064448	0.087166	-0.217787	2575.359375
9924.065525	0.087305	-0.217787	2669.386475
9924.066482	0.087133	-0.217787	2752.772461
9924.067344	0.087228	-0.217787	2827.962891
9924.068391	0.087349	-0.217787	2919.416992
9924.069432	0.087187	-0.217787	3010.179199
9924.070304	0.087184	-0.217787	3086.203613
9924.071203	0.087338	-0.217787	3164.720215
9924.072292	0.087162	-0.217787	3259.639404
9925.035534	1.060148	-0.107528	535.374634
9925.036466	1.484165	-0.107528	1918.616455
9925.037332	0.717052	-0.107528	2539.583496
9925.038382	0.090758	-0.107528	2634.879395
9925.039389	0.087184	-0.107528	2722.673584
9925.040280	0.087169	-0.107528	2800.341309
9925.041228	0.087242	-0.107528	2883.047119
9925.042278	0.087209	-0.107528	2974.617187
9925.043199	0.087202	-0.107528	3054.930420
9925.044061	0.087268	-0.107528	3130.155518
9925.045129	0.087290	-0.107528	3223.381348
9925.046135	0.087107	-0.107528	3311.010986
9925.047012	0.087140	-0.107528	3387.432617
9926.113726	0.976567	-0.138554	410.158295
9926.114732	1.477771	-0.138554	1896.796021
9926.115775	0.522136	-0.138554	2441.384033
9926.116655	0.089568	-0.138554	2520.203857
9926.117519	0.087111	-0.138554	2595.467285
9926.118633	0.087272	-0.138554	2692.687988
9926.119593	0.087001	-0.138554	2776.208740
9926.120454	0.087177	-0.138554	2851.267822
9926.121518	0.087360	-0.138554	2944.218506
9926.122550	0.087118	-0.138554	3034.124268
9926.123432	0.087198	-0.138554	3111.033447
9926.124360	0.087261	-0.138554	3192.011475
9926.125428	0.087177	-0.138554	3285.115967
9927.164445	1.059283	-0.181987	556.123840
9927.165517	1.475530	-0.181987	2137.891846
9927.166434	0.397474	-0.181987	2502.375732
9927.167300	0.088971	-0.181987	2579.424561
9927.168382	0.087323	-0.181987	2673.907959
9927.169373	0.087275	-0.181987	2760.397949
9927.170267	0.087220	-0.181987	2838.373047
9927.171250	0.087422	-0.181987	2924.308838
9927.172302	0.087319	-0.181987	3016.168701
9927.173195	0.087261	-0.181987	3094.092529
9927.174055	0.087217	-0.181987	3169.098877
9927.175163	0.087389	-0.181987	3265.925781
9928.154678	1.099742	-0.074753	593.860901
9928.155704	1.486740	-0.074753	2119.255615
9928.156605	0.460225	-0.074753	2533.917969
9928.157564	0.089799	-0.074753	2620.034912
9928.158628	0.087191	-0.074753	2712.806396
9928.159553	0.087231	-0.074753	2793.495605
9928.160412	0.087144	-0.074753	2868.351807
9928.161474	0.087426	-0.074753	2961.197754
9928.162479	0.087177	-0.074753	3048.810059
9928.163356	0.087140	-0.074753	3125.231689
9928.164338	0.087422	-0.074753	3211.080078
9928.165389	0.087294	-0.074753	3302.825684
9929.271819	1.055171	-0.210230	531.806152
9929.272742	1.483495	-0.210230	1901.071899
9929.273606	0.729342	-0.210230	2531.223389
9929.274674	0.090560	-0.210230	2627.941895
9929.275686	0.087122	-0.210230	2716.108887
9929.276575	0.087235	-0.210230	2793.660889
9929.277528	0.087323	-0.210230	2876.879639
9929.278576	0.087308	-0.210230	2968.378906
9929.279510	0.087224	-0.210230	3049.846191
9929.280373	0.087301	-0.210230	3125.187012
9929.281455	0.087349	-0.210230	3219.698242
9929.282452	0.087198	-0.210230	3306.635254
9929.283328	0.087235	-0.210230	3383.053223
9930.243513	0.981625	-0.089171	413.264038
9930.244462	1.474768	-0.089171	1812.818970
9930.245500	0.569652	-0.089171	2404.117920
9930.246392	0.090242	-0.089171	2484.613525
9930.247254	0.087074	-0.089171	2559.671387
9930.248309	0.087356	-0.089171	2651.832031
9930.249271	0.087184	-0.089171	2735.702881
9930.250144	0.087250	-0.089171	2811.871826
9930.251075	0.087327	-0.089171	2893.172852
9930.252116	0.087136	-0.089171	2983.881592
9930.252992	0.087177	-0.089171	3060.248291
9930.253850	0.087166	-0.089171	3135.036377
9930.254903	0.087187	-0.089171	3226.844727
9931.321875	1.063835	-0.151021	537.236877
9931.322765	1.482370	-0.151021	1856.546631
9931.323636	0.737000	-0.151021	2498.473145
9931.324748	0.089886	-0.151021	2598.427002
9931.325714	0.087184	-0.151021	2682.646484
9931.326578	0.087272	-0.151021	2758.049316
9931.327636	0.087345	-0.151021	2850.460205
9931.328683	0.087235	-0.151021	2941.795410
9931.329572	0.087144	-0.151021	3019.266113
9931.330499	0.087382	-0.151021	3100.268799
9931.331546	0.087319	-0.151021	3191.692139
9931.332490	0.087286	-0.151021	3274.090576
9931.333350	0.087250	-0.151021	3349.125488
9932.375506	1.013221	-0.180569	452.909973
9932.376382	1.476789	-0.180569	1746.577637
9932.377382	0.715715	-0.180569	2462.292969
9932.378436	0.090231	-0.180569	2557.396240
9932.379319	0.087177	-0.180569	2634.373047
9932.380189	0.087129	-0.180569	2710.175293
9932.381307	0.087341	-0.180569	2807.822754
9932.382277	0.087122	-0.180569	2892.330566
9932.383144	0.087114	-0.180569	2967.858643
9932.384189	0.087308	-0.180569	3059.095947
9932.385227	0.087195	-0.180569	3149.604248
9932.386114	0.087166	-0.180569	3226.920166
9932.387031	0.087155	-0.180569	3306.840820
9933.362627	0.987286	-0.085698	425.520416
9933.363495	1.474827	-0.085698	1705.669922
9933.364389	0.866594	-0.085698	2480.405273
9933.365416	0.093929	-0.085698	2576.870850
9933.366298	0.087074	-0.085698	2653.670166
9933.367162	0.087202	-0.085698	2729.012939
9933.368154	0.087286	-0.085698	2815.601074
9933.369082	0.087078	-0.085698	2896.409180
9933.370002	0.087250	-0.085698	2976.678955
9933.370865	0.087191	-0.085698	3051.924805
9933.371900	0.087235	-0.085698	3142.213135
9933.372792	0.087147	-0.085698	3219.948486
9933.373667	0.087209	-0.085698	3296.256836
9934.482874	0.979904	-0.214685	412.539429
9934.483867	1.477581	-0.214685	1879.776978
9934.484925	0.503961	-0.214685	2412.967773
9934.485819	0.089081	-0.214685	2492.605957
9934.486693	0.087195	-0.214685	2568.814209
9934.487817	0.087374	-0.214685	2667.022949
9934.488773	0.087283	-0.214685	2750.465332
9934.489646	0.087133	-0.214685	2826.531982
9934.490666	0.087297	-0.214685	2915.575195
9934.491703	0.087213	-0.214685	3006.015137
9934.492590	0.087268	-0.214685	3083.421875
9934.493495	0.087352	-0.214685	3162.475586
9934.494577	0.087297	-0.214685	3256.931396
9935.450649	1.060906	-0.105248	531.513794
9935.451686	1.485630	-0.105248	2072.111816
9935.452572	0.517108	-0.105248	2530.269531
9935.453529	0.090560	-0.105248	2616.935791
9935.454580	0.087312	-0.105248	2708.700684
9935.455508	0.087147	-0.105248	2789.573242
9935.456376	0.087316	-0.105248	2865.363281
9935.457422	0.087411	-0.105248	2956.795166
9935.458438	0.087114	-0.105248	3045.303223
9935.459331	0.087180	-0.105248	3123.155029
9935.460286	0.087312	-0.105248	3206.538086
9935.461338	0.087367	-0.105248	3298.447998
9935.462263	0.087173	-0.105248	3379.083008
9936.536035	1.041984	-0.157265	481.396423
9936.536930	1.479251	-0.157265	1805.325684
9936.537802	0.798794	-0.157265	2501.874023
9936.538806	0.093102	-0.157265	2595.348145
9936.539717	0.087070	-0.157265	2674.669189
9936.540592	0.087133	-0.157265	2750.910156
9936.541613	0.087052	-0.157265	2839.790283
9936.542519	0.086986	-0.157265	2918.599609
9936.543443	0.087114	-0.157265	2999.093262
9936.544306	0.087122	-0.157265	3074.279297
9936.545304	0.087184	-0.157265	3161.288818
9936.546219	0.087045	-0.157265	3240.934814
9936.547084	0.087063	-0.157265	3316.244385
9937.579450	0.984390	-0.175642	417.381226
9937.580512	1.482059	-0.175642	1991.328247
9937.581553	0.417810	-0.175642	2426.268555
9937.582430	0.088502	-0.175642	2503.885010
9937.583425	0.087140	-0.175642	2590.589111
9937.584472	0.087067	-0.175642	2681.747803
9937.585380	0.087173	-0.175642	2760.900635
9937.586239	0.087140	-0.175642	2835.753906
9937.587289	0.087242	-0.175642	2927.358398
9937.588288	0.087063	-0.175642	3014.334229
9937.589174	0.087166	-0.175642	3091.562988
9937.590146	0.087312	-0.175642	3176.430176
9937.591205	0.087371	-0.175642	3268.955566
9938.580004	1.063553	-0.088518	566.873962
9938.581059	1.478979	-0.088518	2127.197266
9938.581982	0.406454	-0.088518	2502.354248
9938.582847	0.088854	-0.088518	2579.212646
9938.583928	0.087283	-0.088518	2673.565186
9938.584917	0.087070	-0.088518	2759.677734
9938.585812	0.087136	-0.088518	2837.664551
9938.586812	0.087334	-0.088518	2924.998535
9938.587871	0.087162	-0.088518	3017.302979
9938.588756	0.087048	-0.088518	3094.340820
9938.589614	0.087272	-0.088518	3169.219971
9938.590701	0.087294	-0.088518	3264.108154
9939.691974	0.991428	-0.232857	429.288422
9939.692841	1.475057	-0.232857	1708.163208
9939.693841	0.734454	-0.232857	2442.617676
9939.694834	0.090699	-0.232857	2532.682129
9939.695725	0.087004	-0.232857	2610.203125
9939.696585	0.087228	-0.232857	2685.218994
9939.697682	0.087158	-0.232857	2780.831543
9939.698589	0.087158	-0.232857	2859.884033
9939.699466	0.087144	-0.232857	2936.308838
9939.700480	0.087125	-0.232857	3024.653809
9939.701470	0.087074	-0.232857	3110.856934
9939.702361	0.087158	-0.232857	3188.514893
9939.703221	0.087166	-0.232857	3263.477295
9940.649399	1.003491	-0.075833	423.473328
9940.650499	1.482382	-0.075833	2054.093018
9940.651460	0.452102	-0.075833	2488.562988
9940.652324	0.089326	-0.075833	2565.740723
9940.653349	0.087242	-0.075833	2655.164307
9940.654404	0.087144	-0.075833	2747.100830
9940.655292	0.087290	-0.075833	2824.614502
9940.656216	0.087250	-0.075833	2905.233398
9940.657284	0.087264	-0.075833	2998.431885
9940.658229	0.087177	-0.075833	3080.813721
9940.659098	0.087224	-0.075833	3156.611572
9940.660154	0.087246	-0.075833	3248.743408
9941.771710	0.991783	-0.208622	425.475098
9941.772577	1.474504	-0.208622	1703.870361
9941.773688	0.593906	-0.208622	2363.700195
9941.774667	0.089081	-0.208622	2450.910400
9941.775529	0.087037	-0.208622	2525.936523
9941.776599	0.087308	-0.208622	2619.356445
9941.777627	0.087125	-0.208622	2708.921143
9941.778509	0.087059	-0.208622	2785.707520
9941.779413	0.087147	-0.208622	2864.488525
9941.780483	0.087089	-0.208622	2957.673340
9941.781426	0.087056	-0.208622	3039.766846
9941.782284	0.087081	-0.208622	3114.482666
9941.783295	0.087308	-0.208622	3202.751465
9942.752693	0.982002	-0.098009	411.458801
9942.753732	1.482184	-0.098009	1951.447754
9942.754689	0.549093	-0.098009	2476.929687
9942.755566	0.090520	-0.098009	2556.315674
9942.756501	0.087136	-0.098009	2637.788086
9942.757562	0.087155	-0.098009	2730.259033
9942.758454	0.087114	-0.098009	2807.964844
9942.759317	0.087023	-0.098009	2883.065430
9942.760372	0.087191	-0.098009	2975.052002
9942.761324	0.087155	-0.098009	3058.023193
9942.762197	0.087103	-0.098009	3134.064453
9942.763082	0.087158	-0.098009	3211.199463
9942.764167	0.087206	-0.098009	3305.817871
9943.827907	0.988839	-0.165463	425.200806
9943.828773	1.474666	-0.165463	1702.261108
9943.829836	0.658557	-0.165463	2402.307373
9943.830844	0.089557	-0.165463	2492.580811
9943.831733	0.087103	-0.165463	2570.015625
9943.832678	0.087224	-0.165463	2652.442383
9943.833723	0.087162	-0.165463	2743.526611
9943.834649	0.087166	-0.165463	2824.241943
9943.835511	0.087103	-0.165463	2899.324951
9943.836567	0.087279	-0.165463	2991.491699
9943.837579	0.087206	-0.165463	3079.743896
9943.838448	0.087118	-0.165463	3155.449463
9943.839419	0.087217	-0.165463	3240.136963
9944.868293	0.993545	-0.145084	428.217865
9944.869166	1.475193	-0.145084	1716.061279
9944.870033	0.910602	-0.145084	2505.553223
9944.871022	0.095859	-0.145084	2600.358154
9944.871945	0.087070	-0.145084	2680.724121
9944.872819	0.087195	-0.145084	2756.932373
9944.873824	0.087169	-0.145084	2844.537354
9944.874728	0.087180	-0.145084	2923.348145
9944.875644	0.087187	-0.145084	3003.211914
9944.876504	0.087323	-0.145084	3078.309814
9944.877551	0.087239	-0.145084	3169.648926
9944.878448	0.087198	-0.145084	3247.865967
9944.879364	0.087155	-0.145084	3327.699463
9945.885112	0.980431	-0.105969	412.761444
9945.886119	1.479924	-0.105969	1903.045288
9945.887178	0.482878	-0.105969	2414.413574
9945.888069	0.088931	-0.105969	2493.650879
9945.888959	0.087184	-0.105969	2571.244385
9945.890042	0.087202	-0.105969	2665.684326
9945.891004	0.087162	-0.105969	2749.533936
9945.891864	0.087184	-0.105969	2824.511963
9945.892900	0.087378	-0.105969	2915.035400
9945.893923	0.087217	-0.105969	3004.258301
9945.894799	0.087202	-0.105969	3080.647461
9945.895738	0.087330	-0.105969	3162.650635
9945.896801	0.087294	-0.105969	3255.443848
9946.972730	1.107330	-0.201549	603.494995
9946.973778	1.480353	-0.201549	2154.904785
9946.974671	0.426573	-0.201549	2535.834961
9946.975595	0.089355	-0.201549	2618.399414
9946.976671	0.087177	-0.201549	2712.201416
9946.977617	0.087202	-0.201549	2794.694580
9946.978479	0.087206	-0.201549	2869.865967
9946.979539	0.087338	-0.201549	2962.443848
9946.980558	0.087202	-0.201549	3051.302734
9946.981446	0.087195	-0.201549	3128.731689
9946.982408	0.087187	-0.201549	3212.605957
9946.983459	0.087198	-0.201549	3304.251465
9947.955644	0.984342	-0.102452	417.360992
9947.956609	1.475497	-0.102452	1841.215454
9947.957564	0.654928	-0.102452	2466.671631
9947.958479	0.091718	-0.102452	2550.593262
9947.959356	0.087169	-0.102452	2627.040527
9947.960401	0.087147	-0.102452	2718.109375
9947.961302	0.087085	-0.102452	2796.572998
9947.962176	0.087184	-0.102452	2872.771729
9947.963123	0.087272	-0.102452	2955.417969
9947.964099	0.087158	-0.102452	3040.484375
9947.965018	0.087100	-0.102452	3120.528809
9947.965882	0.087195	-0.102452	3195.865234
9947.966946	0.087180	-0.102452	3288.625000
9949.066764	1.051150	-0.207245	530.830750
9949.067656	1.481851	-0.207245	1852.641602
9949.068520	0.754984	-0.207245	2504.947754
9949.069623	0.090842	-0.207245	2605.146729
9949.070590	0.087147	-0.207245	2689.417969
9949.071447	0.087224	-0.207245	2764.168945
9949.072548	0.087411	-0.207245	2860.408447
9949.073579	0.087195	-0.207245	2950.306396
9949.074454	0.087231	-0.207245	3026.633789
9949.075375	0.087239	-0.207245	3106.980713
9949.076443	0.087191	-0.207245	3200.100830
9949.077391	0.087213	-0.207245	3282.778809
9949.078257	0.087147	-0.207245	3358.248291
9950.032457	1.114611	-0.093626	618.608887
9950.033495	1.483407	-0.093626	2158.385254
9950.034394	0.426072	-0.093626	2541.423828
9950.035332	0.089399	-0.093626	2625.280518
9950.036386	0.087235	-0.093626	2717.226318
9950.037325	0.087052	-0.093626	2798.968262
9950.038184	0.087129	-0.093626	2873.812012
9950.039234	0.087235	-0.093626	2965.408936
9950.040261	0.087202	-0.093626	3054.965576
9950.041134	0.087089	-0.093626	3130.993896
9950.042092	0.087250	-0.093626	3214.579102
9950.043151	0.087250	-0.093626	3306.976562
9951.155642	0.983789	-0.228349	416.142792
9951.156673	1.482733	-0.228349	1944.840698
9951.157580	0.629802	-0.228349	2516.071289
9951.158450	0.092446	-0.228349	2596.499512
9951.159373	0.087198	-0.228349	2676.983643
9951.160374	0.087059	-0.228349	2764.130127
9951.161294	0.087081	-0.228349	2844.244873
9951.162175	0.087169	-0.228349	2921.041016
9951.163188	0.087133	-0.228349	3009.306396
9951.164094	0.087122	-0.228349	3088.238525
9951.165014	0.087158	-0.228349	3168.424072
9951.165872	0.087206	-0.228349	3243.246582
9951.166895	0.087118	-0.228349	3332.368164
9952.114105	0.978446	-0.081400	410.947327
9952.114986	1.473545	-0.081400	1709.140381
9952.116088	0.594430	-0.081400	2364.202148
9952.117036	0.089487	-0.081400	2449.036133
9952.117904	0.087089	-0.081400	2524.629150
9952.118955	0.087308	-0.081400	2616.390137
9952.119980	0.087151	-0.081400	2705.719727
9952.120877	0.087118	-0.081400	2783.864502
9952.121820	0.087198	-0.081400	2866.092773
9952.122870	0.087209	-0.081400	2957.662598
9952.123802	0.087235	-0.081400	3038.965820
9952.124659	0.087162	-0.081400	3113.663574
9952.125712	0.087257	-0.081400	3205.545166
9953.240527	1.008516	-0.209992	446.772400
9953.241394	1.475581	-0.209992	1726.101074
9953.242488	0.602241	-0.209992	2384.952881
9953.243477	0.088942	-0.209992	2472.916260
9953.244355	0.087158	-0.209992	2549.441162
9953.245362	0.087195	-0.209992	2637.246338
9953.246404	0.087129	-0.209992	2728.034668
9953.247285	0.087180	-0.209992	2804.840332
9953.248152	0.087144	-0.209992	2880.393799
9953.249241	0.087275	-0.209992	2975.436768
9953.250212	0.087136	-0.209992	3060.046143
9953.251082	0.087250	-0.209992	3135.953369
9953.252091	0.087198	-0.209992	3223.936523
9954.193884	1.000280	-0.091390	443.123840
9954.194756	1.475914	-0.091390	1730.121094
9954.195617	0.904069	-0.091390	2508.524170
9954.196598	0.097266	-0.091390	2603.941650
9954.197528	0.087067	-0.091390	2684.913574
9954.198419	0.087198	-0.091390	2762.607422
9954.199370	0.087220	-0.091390	2845.554199
9954.200307	0.087144	-0.091390	2927.207764
9954.201221	0.087198	-0.091390	3006.907227
9954.202085	0.087286	-0.091390	3082.322754
9954.203124	0.087257	-0.091390	3172.982910
9954.203999	0.087242	-0.091390	3249.320068
9954.204919	0.087118	-0.091390	3329.468506
9955.324341	0.981174	-0.219600	411.112030
9955.325375	1.481814	-0.219600	1943.307617
9955.326404	0.462166	-0.219600	2418.875977
9955.327292	0.089106	-0.219600	2498.002441
9955.328252	0.087125	-0.219600	2581.642578
9955.329305	0.087184	-0.219600	2673.447266
9955.330236	0.087092	-0.219600	2754.530273
9955.331099	0.087045	-0.219600	2829.649902
9955.332179	0.087275	-0.219600	2923.907227
9955.333173	0.087107	-0.219600	3010.491455
9955.334065	0.087136	-0.219600	3088.217041
9955.335055	0.087275	-0.219600	3174.619629
9955.336086	0.087114	-0.219600	3264.434326
9956.283832	0.978842	-0.092107	412.092285
9956.284783	1.474702	-0.092107	1814.534058
9956.285844	0.555363	-0.092107	2403.773682
9956.286775	0.089165	-0.092107	2486.786377
9956.287642	0.087133	-0.092107	2562.330322
9956.288712	0.087272	-0.092107	2655.711182
9956.289715	0.087118	-0.092107	2743.090332
9956.290610	0.087242	-0.092107	2821.172363
9956.291568	0.087184	-0.092107	2904.694580
9956.292614	0.087213	-0.092107	2995.919434
9956.293525	0.087092	-0.092107	3075.260498
9956.294385	0.087158	-0.092107	3150.216553
9956.295462	0.087206	-0.092107	3244.137207
9957.400030	1.011489	-0.199865	451.124207
9957.400911	1.477028	-0.199865	1752.385498
9957.401783	0.869498	-0.199865	2510.587891
9957.402757	0.101884	-0.199865	2609.822510
9957.403676	0.087114	-0.199865	2689.880615
9957.404558	0.087118	-0.199865	2766.718506
9957.405471	0.087242	-0.199865	2846.370850
9957.406465	0.087048	-0.199865	2932.896973
9957.407378	0.087100	-0.199865	3012.418945
9957.408254	0.087129	-0.199865	3088.743896
9957.409316	0.087191	-0.199865	3181.340820
9957.410208	0.087147	-0.199865	3259.076172
9957.411126	0.087052	-0.199865	3338.989990
9958.382104	1.064927	-0.118743	544.177551
9958.383057	1.484799	-0.118743	1959.190674
9958.383923	0.673132	-0.118743	2542.123291
9958.384956	0.090798	-0.118743	2635.917969
9958.385994	0.087133	-0.118743	2726.361572
9958.386874	0.087136	-0.118743	2803.041504
9958.387802	0.087301	-0.118743	2884.056885
9958.388866	0.087297	-0.118743	2976.941406
9958.389798	0.087070	-0.118743	3058.090820
9958.390655	0.087239	-0.118743	3132.854492
9958.391704	0.087312	-0.118743	3224.444824
9958.392727	0.087155	-0.118743	3313.604004
9958.393602	0.087151	-0.118743	3389.861084
9959.470522	0.983591	-0.163570	416.059113
9959.471579	1.482367	-0.163570	1982.920898
9959.472598	0.446433	-0.163570	2437.836182
9959.473485	0.088813	-0.163570	2516.613770
9959.474432	0.087089	-0.163570	2599.086670
9959.475472	0.087250	-0.163570	2689.826416
9959.476395	0.087195	-0.163570	2770.307129
9959.477257	0.087140	-0.163570	2845.421631
9959.478318	0.087169	-0.163570	2937.908203
9959.479335	0.087162	-0.163570	3026.551758
9959.480209	0.087180	-0.163570	3102.747314
9959.481155	0.087253	-0.163570	3185.289062
9959.482218	0.087231	-0.163570	3278.016113
9960.484285	0.983002	-0.134900	417.775757
9960.485270	1.475196	-0.134900	1870.844238
9960.486244	0.626539	-0.134900	2481.093506
9960.487166	0.091058	-0.134900	2565.049316
9960.488023	0.087242	-0.134900	2639.816162
9960.489091	0.087103	-0.134900	2732.842529
9960.489989	0.087052	-0.134900	2811.015137
9960.490862	0.087147	-0.134900	2887.094727
9960.491791	0.087177	-0.134900	2968.081787
9960.492783	0.087224	-0.134900	3054.608154
9960.493683	0.087169	-0.134900	3133.060547
9960.494575	0.087220	-0.134900	3210.861084
9960.495589	0.087264	-0.134900	3299.347168
9961.531932	1.073302	-0.146530	549.530640
9961.532864	1.484125	-0.146530	1932.734985
9961.533733	0.686909	-0.146530	2529.659180
9961.534822	0.089678	-0.146530	2627.318359
9961.535825	0.087107	-0.146530	2714.686523
9961.536711	0.087144	-0.146530	2791.895752
9961.537672	0.087209	-0.146530	2875.704102
9961.538714	0.087187	-0.146530	2966.553467
9961.539620	0.087081	-0.146530	3045.449219
9961.540476	0.087085	-0.146530	3119.993896
9961.541546	0.087242	-0.146530	3213.343262
9961.542556	0.087114	-0.146530	3301.328613
9961.543432	0.087074	-0.146530	3377.605469
9962.597829	0.989216	-0.184376	421.406158
9962.598780	1.475255	-0.184376	1824.373779
9962.599689	0.763260	-0.184376	2518.177490
9962.600595	0.094230	-0.184376	2603.549561
9962.601483	0.087136	-0.184376	2680.926514
9962.602420	0.087107	-0.184376	2762.545654
9962.603365	0.087187	-0.184376	2844.937744
9962.604255	0.087191	-0.184376	2922.537842
9962.605181	0.087111	-0.184376	3003.202148
9962.606152	0.087074	-0.184376	3087.750977
9962.607074	0.086927	-0.184376	3167.898193
9962.607952	0.087177	-0.184376	3244.439209
9962.608901	0.087147	-0.184376	3327.141846
9963.585988	0.987572	-0.076699	425.643524
9963.586856	1.474453	-0.076699	1705.468872
9963.587920	0.647893	-0.076699	2394.827148
9963.588941	0.089092	-0.076699	2485.789795
9963.589830	0.087026	-0.076699	2563.156250
9963.590800	0.087250	-0.076699	2647.788574
9963.591842	0.087224	-0.076699	2738.676025
9963.592755	0.087151	-0.076699	2818.244873
9963.593616	0.087242	-0.076699	2893.360596
9963.594691	0.087286	-0.076699	2987.193359
9963.595698	0.087085	-0.076699	3074.887939
9963.596571	0.087048	-0.076699	3150.881104
9963.597568	0.087294	-0.076699	3237.912842
9964.701209	1.062228	-0.209436	536.425049
9964.702221	1.485795	-0.209436	2040.049194
9964.703101	0.566323	-0.209436	2538.413574
9964.704076	0.090974	-0.209436	2627.113281
9964.705131	0.087140	-0.209436	2719.045898
9964.706027	0.087107	-0.209436	2797.093750
9964.706893	0.087162	-0.209436	2872.575928
9964.707983	0.087184	-0.209436	2967.606201
9964.708980	0.087140	-0.209436	3054.484619
9964.709869	0.087048	-0.209436	3131.870605
9964.710845	0.087279	-0.209436	3217.054932
9964.711896	0.087224	-0.209436	3308.727539
9964.712796	0.087136	-0.209436	3387.150146
9965.653449	1.000049	-0.083241	435.021210
9965.654320	1.475526	-0.083241	1720.204468
9965.655372	0.633790	-0.083241	2386.951904
9965.656271	0.091805	-0.083241	2469.484863
9965.657194	0.087217	-0.083241	2549.985840
9965.658054	0.087177	-0.083241	2624.957520
9965.659051	0.087290	-0.083241	2711.985596
9965.659972	0.087195	-0.083241	2792.291992
9965.660835	0.087166	-0.083241	2867.515869
9965.661888	0.087268	-0.083241	2959.409180
9965.662761	0.087272	-0.083241	3035.597412
9965.663664	0.087231	-0.083241	3114.367432
9965.664539	0.087316	-0.083241	3190.768555
9966.792142	0.999514	-0.221424	443.784302
9966.793007	1.475438	-0.221424	1720.038330
9966.794023	0.703385	-0.221424	2434.677490
9966.795077	0.089861	-0.221424	2529.390869
9966.795966	0.087063	-0.221424	2606.789795
9966.796854	0.087239	-0.221424	2684.257812
9966.797928	0.087330	-0.221424	2778.050537
9966.798884	0.087103	-0.221424	2861.321289
9966.799749	0.087220	-0.221424	2936.767090
9966.800790	0.087316	-0.221424	3027.662598
9966.801818	0.087140	-0.221424	3117.242432
9966.802697	0.087136	-0.221424	3193.835205
9966.803636	0.087213	-0.221424	3275.728271
9967.753764	1.065546	-0.111508	566.870300
9967.754831	1.474457	-0.111508	2140.115723
9967.755752	0.391501	-0.111508	2500.688477
9967.756614	0.088857	-0.111508	2577.283691
9967.757716	0.087140	-0.111508	2673.311768
9967.758685	0.087096	-0.111508	2757.707764
9967.759574	0.087191	-0.111508	2835.220703
9967.760593	0.087246	-0.111508	2924.124512
9967.761641	0.087155	-0.111508	3015.462402
9967.762528	0.087213	-0.111508	3092.820557
9967.763409	0.087173	-0.111508	3169.619873
9967.764496	0.087213	-0.111508	3264.420654
