time (s)	coil I (A)	last det (V)	int current (uC)
9590.587942	1.046327	-0.037612	537.812012
9590.589018	1.472248	-0.037612	2121.951172
9590.589964	0.381757	-0.037612	2483.092773
9590.590821	0.088564	-0.037612	2558.992432
9590.591870	0.087250	-0.037612	2650.517334
9590.592890	0.087206	-0.037612	2739.467285
9590.593776	0.087166	-0.037612	2816.696045
9590.594744	0.087286	-0.037612	2901.189209
9590.595793	0.087173	-0.037612	2992.633545
9590.596713	0.087085	-0.037612	3072.751709
9590.597577	0.087100	-0.037612	3148.005859
9590.598663	0.087261	-0.037612	3242.770996
9591.659020	1.057584	-0.073496	531.964844
9591.659949	1.484337	-0.073496	1910.914062
9591.660833	0.696302	-0.073496	2526.445312
9591.661819	0.093585	-0.073496	2618.720215
9591.662825	0.087187	-0.073496	2706.430908
9591.663712	0.087173	-0.073496	2783.753174
9591.664574	0.087272	-0.073496	2858.981445
9591.665656	0.087213	-0.073496	2953.345947
9591.666568	0.087074	-0.073496	3032.757324
9591.667436	0.087166	-0.073496	3108.416992
9591.668391	0.087286	-0.073496	3191.775391
9591.669420	0.087092	-0.073496	3281.393311
9591.670311	0.087136	-0.073496	3359.031738
9592.649239	1.063275	-0.020669	536.953918
9592.650118	1.482019	-0.020669	1839.648682
9592.651058	0.719663	-0.020669	2516.131836
9592.652142	0.089619	-0.020669	2613.279053
9592.653065	0.087151	-0.020669	2693.719238
9592.653935	0.087026	-0.020669	2769.432129
9592.654971	0.087140	-0.020669	2859.708984
9592.656001	0.087147	-0.020669	2949.470703
9592.656886	0.087096	-0.020669	3026.550537
9592.657846	0.087272	-0.020669	3110.331299
9592.658919	0.087184	-0.020669	3203.879639
9592.659839	0.087063	-0.020669	3283.977539
9592.660699	0.087202	-0.020669	3358.971436
9593.743812	0.990095	-0.068103	427.721161
9593.744675	1.475175	-0.068103	1700.796875
9593.745718	0.714503	-0.068103	2446.023682
9593.746588	0.093329	-0.068103	2527.219727
9593.747463	0.086975	-0.068103	2603.322998
9593.748355	0.087158	-0.068103	2681.068115
9593.749397	0.087089	-0.068103	2771.814453
9593.750286	0.087045	-0.068103	2849.197266
9593.751163	0.087085	-0.068103	2925.570801
9593.752142	0.087246	-0.068103	3010.984619
9593.753077	0.087213	-0.068103	3092.528809
9593.754003	0.087217	-0.068103	3173.291504
9593.754865	0.087264	-0.068103	3248.513428
9594.750391	0.983617	-0.040049	413.119141
9594.751421	1.482319	-0.040049	1939.907959
9594.752458	0.450762	-0.040049	2407.347900
9594.753348	0.088890	-0.040049	2486.460449
9594.754309	0.087319	-0.040049	2570.374268
9594.755355	0.087257	-0.040049	2661.645264
9594.756275	0.087125	-0.040049	2741.800537
9594.757141	0.087111	-0.040049	2817.238281
9594.758218	0.087261	-0.040049	2911.218018
9594.759223	0.087122	-0.040049	2998.775146
9594.760120	0.087198	-0.040049	3076.992187
9594.761081	0.087261	-0.040049	3160.849854
9594.762131	0.087275	-0.040049	3252.489014
9595.794987	1.079205	-0.032222	563.345154
9595.795951	1.486395	-0.032222	1996.230225
9595.796818	0.633146	-0.032222	2545.167480
9595.797882	0.089678	-0.032222	2640.584473
9595.798905	0.087198	-0.032222	2729.788574
9595.799789	0.087272	-0.032222	2806.936768
9595.800710	0.087166	-0.032222	2887.216309
9595.801780	0.087129	-0.032222	2980.444336
9595.802722	0.087059	-0.032222	3062.454102
9595.803581	0.087063	-0.032222	3137.241211
9595.804618	0.087070	-0.032222	3227.533203
9595.805644	0.087012	-0.032222	3316.807129
9595.806531	0.087173	-0.032222	3394.129395
9596.865097	1.082578	-0.095737	614.904419
9596.866024	1.486340	-0.095737	1992.741821
9596.866940	0.548580	-0.095737	2495.241455
9596.867823	0.090546	-0.095737	2575.193359
9596.868844	0.087008	-0.095737	2664.028564
9596.869739	0.087103	-0.095737	2741.986084
9596.870612	0.087147	-0.095737	2818.065674
9596.871546	0.087129	-0.095737	2899.444092
9596.872525	0.087151	-0.095737	2984.764893
9596.873452	0.087045	-0.095737	3065.455322
9596.874316	0.087264	-0.095737	3140.851807
9596.875366	0.087275	-0.095737	3232.490967
9596.876254	0.087151	-0.095737	3309.880859
9597.857295	1.035696	-0.025551	526.133484
9597.858363	1.480115	-0.025551	2106.895996
9597.859300	0.403315	-0.025551	2484.802490
9597.860161	0.088802	-0.025551	2561.261475
9597.861234	0.087217	-0.025551	2654.845215
9597.862230	0.087074	-0.025551	2741.570801
9597.863108	0.087092	-0.025551	2818.037842
9597.864103	0.087180	-0.025551	2904.782227
9597.865153	0.087162	-0.025551	2996.302246
9597.866050	0.087081	-0.025551	3074.414062
9597.866908	0.087081	-0.025551	3149.129883
9597.867990	0.087242	-0.025551	3243.526123
9598.957014	1.008845	-0.106372	447.927277
9598.957889	1.477126	-0.106372	1740.412964
9598.958859	0.721348	-0.106372	2440.120117
9598.959785	0.093259	-0.106372	2526.478271
9598.960658	0.087085	-0.106372	2602.503418
9598.961655	0.087111	-0.106372	2689.352783
9598.962572	0.087067	-0.106372	2769.192871
9598.963467	0.087111	-0.106372	2847.156738
9598.964345	0.087268	-0.106372	2923.778076
9598.965360	0.087074	-0.106372	3012.158203
9598.966256	0.087114	-0.106372	3090.212646
9598.967180	0.087173	-0.106372	3170.760254
9598.968043	0.087103	-0.106372	3245.930420
9599.943096	0.981372	-0.029753	413.157623
9599.944094	1.480675	-0.029753	1890.871338
9599.945152	0.500588	-0.029753	2420.493896
9599.946031	0.089099	-0.029753	2498.812012
9599.946953	0.087250	-0.029753	2579.256348
9599.948024	0.087246	-0.029753	2672.697021
9599.948968	0.087144	-0.029753	2754.960449
9599.949835	0.087173	-0.029753	2830.539307
9599.950864	0.087283	-0.029753	2920.353271
9599.951894	0.087133	-0.029753	3010.099854
9599.952782	0.087155	-0.029753	3087.493164
9599.953726	0.087173	-0.029753	3169.784424
9599.954780	0.087173	-0.029753	3261.664551
9601.026493	0.994003	-0.068582	421.457153
9601.027570	1.483129	-0.068582	2018.786743
9601.028591	0.418553	-0.068582	2446.129883
9601.029460	0.088601	-0.068582	2523.124268
9601.030433	0.087195	-0.068582	2607.964844
9601.031490	0.087147	-0.068582	2700.079346
9601.032399	0.087140	-0.068582	2779.289551
9601.033267	0.087228	-0.068582	2855.003174
9601.034360	0.087378	-0.068582	2950.507324
9601.035357	0.087100	-0.068582	3037.345703
9601.036245	0.087217	-0.068582	3114.794189
9601.037239	0.087356	-0.068582	3201.625977
9602.044432	1.062605	-0.045197	534.490295
9602.045384	1.485249	-0.045197	1948.447266
9602.046258	0.667983	-0.045197	2532.264648
9602.047284	0.090337	-0.045197	2624.950195
9602.048312	0.087187	-0.045197	2714.578857
9602.049202	0.087144	-0.045197	2792.136719
9602.050125	0.087305	-0.045197	2872.718994
9602.051191	0.087129	-0.045197	2965.598389
9602.052137	0.087187	-0.045197	3048.077637
9602.053006	0.087151	-0.045197	3123.811768
9602.054067	0.087345	-0.045197	3216.484863
9602.055074	0.087107	-0.045197	3304.201660
9602.055949	0.087198	-0.045197	3380.500244
9603.091927	0.998877	-0.046378	440.504761
9603.092789	1.476361	-0.046378	1713.128052
9603.093810	0.684375	-0.046378	2411.875000
9603.094861	0.089630	-0.046378	2506.076172
9603.095740	0.087136	-0.046378	2582.668945
9603.096664	0.087250	-0.046378	2663.287598
9603.097736	0.087242	-0.046378	2756.811523
9603.098679	0.087136	-0.046378	2838.980957
9603.099544	0.087092	-0.046378	2914.315674
9603.100589	0.087264	-0.046378	3005.507080
9603.101606	0.087151	-0.046378	3094.139648
9603.102496	0.087206	-0.046378	3171.752930
9603.103461	0.087294	-0.046378	3255.991455
9604.144671	1.065699	-0.067317	545.638123
9604.145551	1.482195	-0.067317	1849.969482
9604.146417	0.783457	-0.067317	2528.443359
9604.147466	0.092380	-0.067317	2625.350342
9604.148427	0.087008	-0.067317	2708.965088
9604.149299	0.087228	-0.067317	2785.027832
9604.150154	0.087162	-0.067317	2859.551270
9604.151281	0.087129	-0.067317	2957.745605
9604.152160	0.087217	-0.067317	3034.409180
9604.153035	0.087177	-0.067317	3110.688721
9604.154038	0.087180	-0.067317	3198.130371
9604.155031	0.087169	-0.067317	3284.689453
9604.155924	0.087187	-0.067317	3362.547852
9605.156281	1.005743	-0.035211	426.435181
9605.157396	1.480646	-0.035211	2077.354980
9605.158360	0.428492	-0.035211	2490.421631
9605.159221	0.089183	-0.035211	2567.208496
9605.160290	0.087125	-0.035211	2660.345459
9605.161322	0.087158	-0.035211	2750.292725
9605.162203	0.087195	-0.035211	2827.111328
9605.163134	0.087213	-0.035211	2908.306641
9605.164189	0.087242	-0.035211	3000.347412
9605.165118	0.087118	-0.035211	3081.280029
9605.165985	0.087213	-0.035211	3156.893799
9605.167011	0.087246	-0.035211	3246.408203
9606.239684	0.986473	-0.081102	424.183533
9606.240548	1.475215	-0.081102	1698.769043
9606.241521	0.747264	-0.081102	2425.857422
9606.242453	0.093669	-0.081102	2513.157227
9606.243340	0.087257	-0.081102	2590.554199
9606.244337	0.087345	-0.081102	2677.637207
9606.245251	0.087114	-0.081102	2757.259521
9606.246173	0.087198	-0.081102	2837.656494
9606.247047	0.087334	-0.081102	2913.986328
9606.247995	0.087206	-0.081102	2996.657471
9606.248946	0.087092	-0.081102	3079.482178
9606.249833	0.087169	-0.081102	3156.801270
9606.250778	0.087286	-0.081102	3239.286865
9607.231927	0.981097	-0.029648	412.060944
9607.232826	1.474907	-0.029648	1738.002441
9607.233906	0.600136	-0.029648	2386.148926
9607.234864	0.089388	-0.029648	2471.782959
9607.235723	0.087162	-0.029648	2546.655029
9607.236765	0.087330	-0.029648	2637.653320
9607.237802	0.087360	-0.029648	2728.245117
9607.238680	0.087158	-0.029648	2804.770020
9607.239610	0.087327	-0.029648	2885.983887
9607.240668	0.087209	-0.029648	2978.251465
9607.241599	0.087158	-0.029648	3059.395752
9607.242458	0.087213	-0.029648	3134.311768
9607.243514	0.087312	-0.029648	3226.513184
9608.327675	1.042130	-0.094222	507.517365
9608.328557	1.480935	-0.094222	1813.702148
9608.329497	0.751871	-0.094222	2520.461182
9608.330554	0.090084	-0.094222	2615.680176
9608.331497	0.087268	-0.094222	2697.973877
9608.332359	0.087209	-0.094222	2773.148437
9608.333410	0.087352	-0.094222	2864.955811
9608.334432	0.087122	-0.094222	2953.994141
9608.335310	0.087177	-0.094222	3030.535156
9608.336276	0.087418	-0.094222	3114.981201
9608.337327	0.087279	-0.094222	3206.711426
9608.338249	0.087180	-0.094222	3287.091553
9608.339106	0.087334	-0.094222	3361.936768
9609.312791	1.033312	-0.028528	535.255493
9609.313839	1.481462	-0.028528	2087.828125
9609.314783	0.419886	-0.028528	2484.200928
9609.315640	0.088971	-0.028528	2560.448975
9609.316691	0.087162	-0.028528	2652.056152
9609.317697	0.087107	-0.028528	2739.685791
9609.318583	0.087349	-0.028528	2817.076660
9609.319554	0.087180	-0.028528	2901.728516
9609.320624	0.087301	-0.028528	2995.140625
9609.321536	0.087279	-0.028528	3074.739014
9609.322407	0.087272	-0.028528	3150.752686
9609.323489	0.087352	-0.028528	3245.267822
9610.412518	1.015367	-0.097276	474.176575
9610.413601	1.481316	-0.097276	2078.441650
9610.414549	0.431862	-0.097276	2487.846436
9610.415409	0.089154	-0.097276	2564.519043
9610.416465	0.087382	-0.097276	2656.793945
9610.417490	0.087122	-0.097276	2746.093506
9610.418361	0.087180	-0.097276	2822.027344
9610.419291	0.087297	-0.097276	2903.213867
9610.420377	0.087209	-0.097276	2997.923340
9610.421310	0.087235	-0.097276	3079.313721
9610.422176	0.087239	-0.097276	3154.862549
9610.423226	0.087319	-0.097276	3246.547852
9611.395512	0.989059	-0.031098	416.393799
9611.396598	1.484399	-0.031098	2028.451538
9611.397606	0.424742	-0.031098	2456.591797
9611.398501	0.088762	-0.031098	2536.033936
9611.399493	0.087294	-0.031098	2622.629395
9611.400546	0.087209	-0.031098	2714.460937
9611.401435	0.087228	-0.031098	2792.006348
9611.402290	0.087202	-0.031098	2866.564209
9611.403398	0.087224	-0.031098	2963.208496
9611.404358	0.087158	-0.031098	3046.880371
9611.405216	0.087246	-0.031098	3121.737549
9611.406304	0.087305	-0.031098	3216.725098
9612.493321	1.058071	-0.090085	530.093689
9612.494284	1.485447	-0.090085	1960.578857
9612.495155	0.667222	-0.090085	2541.729004
9612.496241	0.089414	-0.090085	2638.832764
9612.497261	0.087166	-0.090085	2727.741699
9612.498157	0.087253	-0.090085	2805.920654
9612.499082	0.087297	-0.090085	2886.670654
9612.500130	0.087191	-0.090085	2978.046875
9612.501067	0.087202	-0.090085	3059.755371
9612.501932	0.087224	-0.090085	3135.204346
9612.502982	0.087272	-0.090085	3226.839600
9612.504002	0.087092	-0.090085	3315.673828
9612.504882	0.087220	-0.090085	3392.427734
9613.478338	0.996160	-0.028242	425.360168
9613.479203	1.475277	-0.028242	1701.474854
9613.480319	0.586461	-0.028242	2355.965332
9613.481229	0.089832	-0.028242	2437.711914
9613.482111	0.087155	-0.028242	2514.582275
9613.483116	0.087246	-0.028242	2602.264648
9613.484117	0.087169	-0.028242	2689.520996
9613.485014	0.087220	-0.028242	2767.757812
9613.485873	0.087272	-0.028242	2842.724121
9613.486974	0.087246	-0.028242	2938.781982
9613.487891	0.087206	-0.028242	3018.749756
9613.488767	0.087173	-0.028242	3095.113281
9613.489782	0.087235	-0.028242	3183.656982
9614.574023	1.005641	-0.089964	432.425568
9614.574905	1.477240	-0.089964	1735.351196
9614.575932	0.676545	-0.089964	2430.163330
9614.576984	0.089572	-0.089964	2524.392578
9614.577869	0.087045	-0.089964	2601.427002
9614.578755	0.087103	-0.089964	2678.600586
9614.579857	0.087275	-0.089964	2774.778076
9614.580800	0.087275	-0.089964	2857.078857
9614.581667	0.087202	-0.089964	2932.683105
9614.582693	0.087268	-0.089964	3022.220215
9614.583719	0.087268	-0.089964	3111.757324
9614.584610	0.087187	-0.089964	3189.441406
9614.585544	0.087297	-0.089964	3270.977051
9615.564242	1.013441	-0.034813	445.914124
9615.565118	1.477086	-0.034813	1739.841553
9615.565983	0.870780	-0.034813	2493.066406
9615.567043	0.093127	-0.034813	2591.781494
9615.567925	0.087096	-0.034813	2668.600098
9615.568787	0.087191	-0.034813	2743.758789
9615.569744	0.087261	-0.034813	2827.267334
9615.570706	0.087169	-0.034813	2911.124023
9615.571617	0.087155	-0.034813	2990.521729
9615.572491	0.087125	-0.034813	3066.669189
9615.573530	0.087191	-0.034813	3157.260742
9615.574429	0.087202	-0.034813	3235.655518
9615.575302	0.087202	-0.034813	3311.782959
9616.648711	1.029045	-0.068675	515.551697
9616.649783	1.478046	-0.068675	2100.016602
9616.650728	0.395925	-0.068675	2474.166016
9616.651593	0.088821	-0.068675	2550.996094
9616.652668	0.087308	-0.068675	2644.852539
9616.653668	0.087030	-0.068675	2731.882568
9616.654556	0.087257	-0.068675	2809.366943
9616.655554	0.087312	-0.068675	2896.504395
9616.656589	0.087162	-0.068675	2986.716797
9616.657493	0.087191	-0.068675	3065.537598
9616.658354	0.087294	-0.068675	3140.697510
9616.659430	0.087316	-0.068675	3234.649170
9617.660381	1.022915	-0.048916	455.197235
9617.661271	1.478013	-0.048916	1770.628540
9617.662140	0.856996	-0.048916	2515.357910
9617.663002	0.102235	-0.048916	2603.484619
9617.664024	0.087092	-0.048916	2692.492920
9617.664943	0.087239	-0.048916	2772.665283
9617.665817	0.087012	-0.048916	2848.713623
9617.666840	0.087184	-0.048916	2937.902588
9617.667734	0.087147	-0.048916	3015.812256
9617.668648	0.087206	-0.048916	3095.518311
9617.669510	0.087180	-0.048916	3170.667725
9617.670511	0.087228	-0.048916	3257.982666
9617.671441	0.087177	-0.048916	3339.056885
9618.715144	1.026291	-0.044609	517.250916
9618.716202	1.478785	-0.044609	2081.805908
9618.717150	0.410409	-0.044609	2470.873535
9618.718020	0.088792	-0.044609	2548.122070
9618.719073	0.087224	-0.044609	2639.968994
9618.720079	0.087133	-0.044609	2727.624268
9618.720970	0.087202	-0.044609	2805.321289
9618.721925	0.087268	-0.044609	2888.662354
9618.722974	0.087257	-0.044609	2980.195068
9618.723889	0.087169	-0.044609	3059.954834
9618.724748	0.087202	-0.044609	3134.861572
9618.725841	0.087220	-0.044609	3230.193604
9619.762714	1.065527	-0.076892	547.681030
9619.763655	1.484769	-0.076892	1944.848877
9619.764516	0.686173	-0.076892	2535.644043
9619.765551	0.090278	-0.076892	2629.082031
9619.766575	0.087235	-0.076892	2718.410889
9619.767467	0.087166	-0.076892	2796.162598
9619.768433	0.087301	-0.076892	2880.495361
9619.769491	0.087429	-0.076892	2972.995361
9619.770418	0.087166	-0.076892	3053.797852
9619.771283	0.087169	-0.076892	3129.199219
9619.772352	0.087202	-0.076892	3222.418213
9619.773350	0.087114	-0.076892	3309.358154
9619.774235	0.087041	-0.076892	3386.389404
9620.778421	0.999518	-0.032383	421.796478
9620.779531	1.485483	-0.032383	2070.683105
9620.780450	0.484347	-0.032383	2515.797852
9620.781324	0.089813	-0.032383	2594.294678
9620.782307	0.087191	-0.032383	2680.003662
9620.783316	0.087224	-0.032383	2768.012695
9620.784202	0.087008	-0.032383	2845.101807
9620.785064	0.087257	-0.032383	2920.317383
9620.786147	0.087140	-0.032383	3014.689941
9620.787053	0.087111	-0.032383	3093.612061
9620.787922	0.087140	-0.032383	3169.336670
9620.788914	0.087257	-0.032383	3255.895752
9621.862924	1.054080	-0.105868	530.202026
9621.863801	1.481583	-0.105868	1829.550537
9621.864697	0.750286	-0.105868	2501.806641
9621.865799	0.089916	-0.105868	2600.893799
9621.866753	0.087056	-0.105868	2683.944824
9621.867614	0.087147	-0.105868	2758.978516
9621.868655	0.087382	-0.105868	2849.942871
9621.869674	0.087144	-0.105868	2938.742187
9621.870562	0.087144	-0.105868	3016.125732
9621.871505	0.087352	-0.105868	3098.499023
9621.872551	0.087217	-0.105868	3189.727783
9621.873483	0.087166	-0.105868	3270.966064
9621.874345	0.087136	-0.105868	3346.077393
9622.849056	1.069523	-0.024391	548.665100
9622.850000	1.485124	-0.024391	1950.622559
9622.850867	0.676794	-0.024391	2537.403320
9622.851914	0.090363	-0.024391	2632.012939
9622.852942	0.087279	-0.024391	2721.735840
9622.853818	0.087235	-0.024391	2798.153809
9622.854765	0.087382	-0.024391	2880.904297
9622.855815	0.087231	-0.024391	2972.497314
9622.856739	0.087272	-0.024391	3053.136475
9622.857608	0.087253	-0.024391	3128.959717
9622.858667	0.087345	-0.024391	3221.458008
9622.859678	0.087319	-0.024391	3309.737793
9622.860571	0.087140	-0.024391	3387.553711
9623.951905	1.074668	-0.104950	552.379333
9623.952922	1.486904	-0.104950	2064.561035
9623.953812	0.529189	-0.104950	2535.539551
9623.954792	0.090366	-0.104950	2624.098389
9623.955827	0.087345	-0.104950	2714.500488
9623.956738	0.087063	-0.104950	2793.814941
9623.957596	0.087305	-0.104950	2868.722412
9623.958670	0.087367	-0.104950	2962.554443
9623.959661	0.087177	-0.104950	3048.946289
9623.960534	0.087217	-0.104950	3125.086426
9623.961509	0.087202	-0.104950	3210.108643
9623.962572	0.087301	-0.104950	3302.909668
9623.963468	0.087235	-0.104950	3381.072266
9624.936888	0.982786	-0.034474	412.769958
9624.937832	1.474900	-0.034474	1805.075439
9624.938903	0.545240	-0.034474	2389.027832
9624.939836	0.089037	-0.034474	2472.099121
9624.940707	0.087184	-0.034474	2548.036133
9624.941752	0.087290	-0.034474	2639.254150
9624.942760	0.087048	-0.034474	2726.998779
9624.943654	0.087294	-0.034474	2805.039307
9624.944610	0.087173	-0.034474	2888.376465
9624.945651	0.087173	-0.034474	2979.123291
9624.946567	0.087147	-0.034474	3058.950195
9624.947424	0.087228	-0.034474	3133.704346
9624.948478	0.087363	-0.034474	3225.785156
9626.013125	0.990736	-0.065432	428.988708
9626.014000	1.476035	-0.065432	1720.519531
9626.014967	0.796553	-0.065432	2490.786133
9626.015984	0.091630	-0.065432	2583.973389
9626.016862	0.087019	-0.065432	2660.376221
9626.017721	0.087352	-0.065432	2735.411865
9626.018797	0.087382	-0.065432	2829.434570
9626.019726	0.087206	-0.065432	2910.448730
9626.020589	0.087213	-0.065432	2985.713623
9626.021529	0.087301	-0.065432	3067.776611
9626.022577	0.087250	-0.065432	3159.214355
9626.023471	0.087286	-0.065432	3237.248291
9626.024337	0.087231	-0.065432	3312.790771
9627.048471	1.068984	-0.066407	550.526978
9627.049430	1.485817	-0.066407	1975.425171
9627.050312	0.633929	-0.066407	2534.550781
9627.051309	0.091278	-0.066407	2625.554932
9627.052353	0.087144	-0.066407	2716.532715
9627.053246	0.087041	-0.066407	2794.260254
9627.054106	0.087147	-0.066407	2869.206787
9627.055213	0.087294	-0.066407	2965.840820
9627.056163	0.087169	-0.066407	3048.651611
9627.057020	0.087158	-0.066407	3123.346191
9627.058087	0.087217	-0.066407	3216.406494
9627.059122	0.087319	-0.066407	3306.781982
9627.059999	0.087224	-0.066407	3383.277588
9628.067262	0.988246	-0.035461	420.992767
9628.068123	1.474292	-0.035461	1690.358154
9628.069188	0.644257	-0.035461	2376.491455
9628.070070	0.092256	-0.035461	2457.861084
9628.070936	0.087089	-0.035461	2533.279785
9628.071930	0.087209	-0.035461	2619.966064
9628.072852	0.087144	-0.035461	2700.312500
9628.073767	0.087202	-0.035461	2780.102539
9628.074643	0.087294	-0.035461	2856.571777
9628.075651	0.087209	-0.035461	2944.479004
9628.076554	0.087089	-0.035461	3023.120117
9628.077429	0.087235	-0.035461	3099.450928
9628.078346	0.087275	-0.035461	3179.482422
9629.155798	1.021450	-0.102202	458.631134
9629.156673	1.477526	-0.102202	1751.466064
9629.157678	0.705297	-0.102202	2460.289062
9629.158725	0.090037	-0.102202	2554.557373
9629.159621	0.087213	-0.102202	2632.700439
9629.160478	0.087198	-0.102202	2707.429443
9629.161589	0.087330	-0.102202	2804.453369
9629.162549	0.087023	-0.102202	2887.995117
9629.163420	0.087158	-0.102202	2963.909912
9629.164399	0.087308	-0.102202	3049.384766
9629.165460	0.087301	-0.102202	3142.011230
9629.166337	0.087239	-0.102202	3218.519531
9629.167201	0.087305	-0.102202	3293.950684
9630.135759	1.015510	-0.029886	450.886536
9630.136633	1.477105	-0.029886	1741.875977
9630.137642	0.703092	-0.029886	2451.295898
9630.138706	0.089583	-0.029886	2546.611816
9630.139593	0.087048	-0.029886	2623.823730
9630.140458	0.087220	-0.029886	2699.269531
9630.141570	0.087224	-0.029886	2796.262695
9630.142538	0.087213	-0.029886	2880.685059
9630.143400	0.087162	-0.029886	2955.818604
9630.144449	0.087195	-0.029886	3047.285889
9630.145479	0.087114	-0.029886	3137.013672
9630.146360	0.087136	-0.029886	3213.780762
9630.147285	0.087217	-0.029886	3294.456299
9631.238674	1.054270	-0.089287	532.406372
9631.239547	1.481364	-0.089287	1825.636719
9631.240450	0.741866	-0.089287	2495.541992
9631.241533	0.090022	-0.089287	2593.035889
9631.242476	0.087177	-0.089287	2675.243408
9631.243344	0.087140	-0.089287	2750.880859
9631.244364	0.087338	-0.089287	2839.965332
9631.245407	0.087125	-0.089287	2930.836914
9631.246293	0.087147	-0.089287	3008.049316
9631.247222	0.087294	-0.089287	3089.145264
9631.248292	0.087195	-0.089287	3182.443848
9631.249239	0.087253	-0.089287	3265.072754
9631.250099	0.087220	-0.089287	3340.082275
9632.237034	1.020117	-0.051397	482.515411
9632.238120	1.476357	-0.051397	2085.839600
9632.239074	0.405011	-0.051397	2472.220215
9632.239940	0.088755	-0.051397	2549.082031
9632.240994	0.087242	-0.051397	2641.035645
9632.242017	0.087147	-0.051397	2730.187256
9632.242906	0.087147	-0.051397	2807.661133
9632.243858	0.087283	-0.051397	2890.754395
9632.244915	0.087140	-0.051397	2982.861328
9632.245846	0.087217	-0.051397	3064.060059
9632.246706	0.087107	-0.051397	3138.971924
9632.247773	0.087242	-0.051397	3232.059570
9633.293749	0.987144	-0.046732	415.587433
9633.294826	1.483209	-0.046732	2013.003784
9633.295750	0.543761	-0.046732	2515.438965
9633.296614	0.090436	-0.046732	2593.575439
9633.297581	0.087089	-0.046732	2677.790039
9633.298601	0.087155	-0.046732	2766.687744
9633.299493	0.087133	-0.046732	2844.409912
9633.300354	0.087096	-0.046732	2919.399414
9633.301433	0.087224	-0.046732	3013.514160
9633.302380	0.087107	-0.046732	3096.004395
9633.303254	0.087206	-0.046732	3172.222168
9633.304202	0.087224	-0.046732	3254.910645
9633.305226	0.087122	-0.046732	3344.123047
9634.349500	0.987158	-0.092252	419.542206
9634.350478	1.477207	-0.092252	1864.250732
9634.351533	0.518815	-0.092252	2411.600098
9634.352443	0.089008	-0.092252	2492.596924
9634.353308	0.087045	-0.092252	2567.890625
9634.354405	0.087180	-0.092252	2663.527344
9634.355369	0.087191	-0.092252	2747.579590
9634.356239	0.087041	-0.092252	2823.305176
9634.357261	0.087268	-0.092252	2912.493164
9634.358311	0.087191	-0.092252	3004.043945
9634.359195	0.087118	-0.092252	3081.056152
9634.360072	0.087220	-0.092252	3157.548584
9634.361186	0.087177	-0.092252	3254.663330
9635.348959	1.015045	-0.028979	452.710144
9635.349843	1.477632	-0.028979	1758.936768
9635.350713	0.870776	-0.028979	2516.512207
9635.351687	0.100477	-0.028979	2614.377197
9635.352586	0.086927	-0.028979	2692.524902
9635.353495	0.087144	-0.028979	2771.738281
9635.354369	0.087125	-0.028979	2847.885742
9635.355325	0.087129	-0.028979	2931.180908
9635.356275	0.087081	-0.028979	3013.908203
9635.357169	0.087144	-0.028979	3091.814453
9635.358191	0.087136	-0.028979	3180.867676
9635.359085	0.087056	-0.028979	3258.695557
9635.360005	0.087162	-0.028979	3338.884521
9636.447763	1.060426	-0.114863	529.152588
9636.448693	1.483971	-0.114863	1909.245605
9636.449560	0.715258	-0.114863	2529.374023
9636.450620	0.090560	-0.114863	2625.367920
9636.451636	0.087122	-0.114863	2713.883545
9636.452514	0.087283	-0.114863	2790.517822
9636.453467	0.087374	-0.114863	2873.785400
9636.454527	0.087144	-0.114863	2966.157471
9636.455434	0.087228	-0.114863	3045.272949
9636.456300	0.087228	-0.114863	3120.812256
9636.457360	0.087319	-0.114863	3213.370850
9636.458358	0.087242	-0.114863	3300.438721
9636.459247	0.087118	-0.114863	3377.886475
9637.426710	1.041665	-0.028045	537.499207
9637.427762	1.480518	-0.028045	2095.003662
9637.428699	0.419429	-0.028045	2488.008301
9637.429561	0.089044	-0.028045	2564.764404
9637.430624	0.087308	-0.028045	2657.573242
9637.431614	0.087070	-0.028045	2743.772949
9637.432503	0.087118	-0.028045	2821.220703
9637.433506	0.087209	-0.028045	2908.691895
9637.434546	0.087107	-0.028045	2999.283203
9637.435437	0.087067	-0.028045	3076.859619
9637.436295	0.087125	-0.028045	3151.613037
9637.437376	0.087217	-0.028045	3245.894287
9638.523318	0.994947	-0.096063	417.877960
9638.524417	1.485168	-0.096063	2050.078125
9638.525337	0.503265	-0.096063	2513.082275
9638.526213	0.089985	-0.096063	2591.909424
9638.527220	0.087206	-0.096063	2679.725586
9638.528205	0.087169	-0.096063	2765.587158
9638.529090	0.087217	-0.096063	2842.773926
9638.529947	0.087096	-0.096063	2917.415039
9638.531023	0.087228	-0.096063	3011.272217
9638.531932	0.086953	-0.096063	3090.312500
9638.532799	0.087129	-0.096063	3165.853271
9638.533777	0.087224	-0.096063	3251.158447
9638.534790	0.087140	-0.096063	3339.431152
9639.530066	1.114296	-0.051143	642.948547
9639.531125	1.475460	-0.051143	2205.460937
9639.532010	0.392406	-0.051143	2552.740234
9639.532894	0.088810	-0.051143	2631.248047
9639.533986	0.087129	-0.051143	2726.392822
9639.534941	0.087045	-0.051143	2809.520508
9639.535806	0.087037	-0.051143	2884.807861
9639.536828	0.087246	-0.051143	2973.973389
9639.537860	0.087206	-0.051143	3063.969727
9639.538735	0.087089	-0.051143	3140.172363
9639.539654	0.087264	-0.051143	3220.368408
9639.540722	0.087195	-0.051143	3313.492432
9640.582617	1.017539	-0.056118	465.015320
9640.583511	1.479335	-0.056118	1787.540527
9640.584462	0.740621	-0.056118	2491.871582
9640.585387	0.093497	-0.056118	2578.356689
9640.586268	0.087136	-0.056118	2655.123779
9640.587208	0.087217	-0.056118	2737.107666
9640.588203	0.087100	-0.056118	2823.771729
9640.589114	0.087184	-0.056118	2903.196289
9640.589983	0.087125	-0.056118	2978.908203
9640.591069	0.087286	-0.056118	3073.701172
9640.591970	0.087144	-0.056118	3152.217529
9640.592842	0.087151	-0.056118	3228.213135
9640.593771	0.087235	-0.056118	3309.254639
9641.636411	1.073621	-0.082963	594.785828
9641.637481	1.476068	-0.082963	2174.178711
9641.638385	0.391516	-0.082963	2528.109375
9641.639242	0.088594	-0.082963	2604.034180
9641.640332	0.087345	-0.082963	2699.240234
9641.641307	0.087147	-0.082963	2784.208740
9641.642186	0.087195	-0.082963	2860.853027
9641.643175	0.087177	-0.082963	2947.070557
9641.644224	0.087294	-0.082963	3038.641602
9641.645117	0.087045	-0.082963	3116.372559
9641.645985	0.087272	-0.082963	3192.124512
9641.647109	0.087272	-0.082963	3290.218018
9642.643988	1.063766	-0.036649	542.520630
9642.644894	1.483173	-0.036649	1886.275024
9642.645765	0.718575	-0.036649	2512.154297
9642.646870	0.089528	-0.036649	2611.082275
9642.647852	0.087187	-0.036649	2696.700439
9642.648745	0.087151	-0.036649	2774.526123
9642.649738	0.087250	-0.036649	2861.165039
9642.650777	0.087279	-0.036649	2951.847900
9642.651674	0.087155	-0.036649	3030.025635
9642.652537	0.087111	-0.036649	3105.202148
9642.653644	0.087279	-0.036649	3201.820068
9642.654607	0.087220	-0.036649	3285.813477
9642.655470	0.087202	-0.036649	3361.068848
9643.734466	0.989828	-0.106247	424.636169
9643.735343	1.476339	-0.106247	1719.385498
9643.736212	0.869246	-0.106247	2474.759766
9643.737309	0.093303	-0.106247	2577.113281
9643.738191	0.087056	-0.106247	2653.896484
9643.739058	0.087187	-0.106247	2729.488037
9643.740071	0.087209	-0.106247	2817.831299
9643.741053	0.087209	-0.106247	2903.470947
9643.741927	0.087195	-0.106247	2979.679199
9643.742791	0.087209	-0.106247	3055.028076
9643.743874	0.087129	-0.106247	3149.388672
9643.744778	0.087177	-0.106247	3228.196289
9643.745656	0.087096	-0.106247	3304.666504
9644.715446	0.985902	-0.031425	414.078888
9644.716505	1.482997	-0.031425	1984.572510
9644.717519	0.432671	-0.031425	2423.300781
9644.718414	0.088579	-0.031425	2502.579102
9644.719383	0.087144	-0.031425	2587.021240
9644.720438	0.087129	-0.031425	2678.942139
9644.721346	0.087166	-0.031425	2758.088379
9644.722207	0.087122	-0.031425	2833.100098
9644.723279	0.087209	-0.031425	2926.588623
9644.724277	0.087144	-0.031425	3013.557861
9644.725169	0.087052	-0.031425	3091.208252
9644.726161	0.087209	-0.031425	3177.719971
9645.822393	0.980665	-0.114424	414.821411
9645.823371	1.475310	-0.114424	1857.674561
9645.824319	0.644418	-0.114424	2468.582520
9645.825248	0.091110	-0.114424	2553.223389
9645.826127	0.087162	-0.114424	2629.838623
9645.827159	0.087173	-0.114424	2719.801025
9645.828061	0.087140	-0.114424	2798.401123
9645.828937	0.087129	-0.114424	2874.726074
9645.829826	0.087085	-0.114424	2952.144531
9645.830851	0.087129	-0.114424	3041.451660
9645.831773	0.087136	-0.114424	3121.791260
9645.832642	0.087250	-0.114424	3197.611328
9645.833647	0.087272	-0.114424	3285.319336
9646.800408	1.062924	-0.033733	543.153931
9646.801292	1.482400	-0.033733	1853.595459
9646.802195	0.727917	-0.033733	2510.905029
9646.803273	0.090099	-0.033733	2608.031738
9646.804231	0.087147	-0.033733	2691.518799
9646.805092	0.087125	-0.033733	2766.533691
9646.806130	0.087228	-0.033733	2857.076172
9646.807150	0.087209	-0.033733	2946.029785
9646.808034	0.087294	-0.033733	3023.197510
9646.808955	0.087217	-0.033733	3103.524170
9646.810019	0.087250	-0.033733	3196.357910
9646.810960	0.087242	-0.033733	3278.453125
9646.811832	0.087279	-0.033733	3354.560547
9647.901132	1.009113	-0.103314	444.009552
9647.901998	1.476112	-0.103314	1722.322510
9647.903109	0.581254	-0.103314	2368.095215
9647.904076	0.088993	-0.103314	2454.151367
9647.904937	0.087198	-0.103314	2529.229248
9647.906010	0.087268	-0.103314	2622.867920
9647.907042	0.087129	-0.103314	2712.784912
9647.907924	0.087151	-0.103314	2789.652100
9647.908847	0.087228	-0.103314	2870.163330
9647.909904	0.087341	-0.103314	2962.483154
9647.910845	0.087217	-0.103314	3044.554199
9647.911708	0.087187	-0.103314	3119.797119
9647.912751	0.087283	-0.103314	3210.833008
9648.885177	0.980892	-0.035707	412.955658
9648.886181	1.477778	-0.035707	1896.645142
9648.887189	0.517225	-0.035707	2418.008301
9648.888077	0.089758	-0.035707	2497.713623
9648.888939	0.087034	-0.035707	2572.736572
9648.890045	0.087264	-0.035707	2669.250977
9648.890958	0.087129	-0.035707	2748.799561
9648.891835	0.087092	-0.035707	2825.179443
9648.892834	0.087279	-0.035707	2912.371094
9648.893824	0.087166	-0.035707	2998.665039
9648.894710	0.087056	-0.035707	3075.796387
9648.895570	0.087305	-0.035707	3150.878418
9648.896654	0.087111	-0.035707	3245.306396
9649.980866	0.998097	-0.098516	431.177856
9649.981732	1.475292	-0.098516	1708.780640
9649.982831	0.599817	-0.098516	2367.979492
9649.983792	0.089183	-0.098516	2453.684570
9649.984673	0.087026	-0.098516	2530.354736
9649.985673	0.087385	-0.098516	2617.739990
9649.986714	0.087184	-0.098516	2708.498291
9649.987607	0.087206	-0.098516	2786.373047
9649.988472	0.087103	-0.098516	2861.717285
9649.989588	0.087327	-0.098516	2959.173828
9649.990554	0.087085	-0.098516	3043.297852
9649.991417	0.087140	-0.098516	3118.499512
9649.992441	0.087330	-0.098516	3207.925781
9650.972211	1.096154	-0.038768	599.596008
9650.973273	1.481393	-0.038768	2172.835205
9650.974184	0.386440	-0.038768	2524.882324
9650.975042	0.088744	-0.038768	2601.024658
9650.976149	0.087327	-0.038768	2697.695312
9650.977103	0.087063	-0.038768	2780.753418
9650.977961	0.087162	-0.038768	2855.538330
9650.979025	0.087338	-0.038768	2948.465576
9650.980045	0.087151	-0.038768	3037.359375
9650.980915	0.087209	-0.038768	3113.231689
9650.981836	0.087283	-0.038768	3193.619141
9650.982911	0.087217	-0.038768	3287.377197
9652.062751	1.073346	-0.096796	551.699768
9652.063700	1.485557	-0.096796	1961.492920
9652.064561	0.674385	-0.096796	2542.138184
9652.065600	0.090582	-0.096796	2636.253174
9652.066633	0.087187	-0.096796	2726.317871
9652.067509	0.087202	-0.096796	2802.707031
9652.068441	0.087253	-0.096796	2884.027100
9652.069506	0.087316	-0.096796	2977.018311
9652.070441	0.087209	-0.096796	3058.559082
9652.071298	0.087261	-0.096796	3133.341553
9652.072331	0.087257	-0.096796	3223.478027
9652.073360	0.087151	-0.096796	3313.156250
9652.074248	0.087250	-0.096796	3390.634033
9653.054961	1.019257	-0.039111	488.223907
9653.056051	1.476617	-0.039111	2097.737061
9653.056998	0.404062	-0.039111	2480.384277
9653.057867	0.088682	-0.039111	2557.448730
9653.058900	0.087235	-0.039111	2647.562500
9653.059928	0.087125	-0.039111	2737.127197
9653.060814	0.087118	-0.039111	2814.313721
9653.061753	0.087228	-0.039111	2896.220703
9653.062808	0.087290	-0.039111	2988.311768
9653.063746	0.087045	-0.039111	3069.959717
9653.064606	0.087155	-0.039111	3144.912598
9653.065676	0.087316	-0.039111	3238.340332
9654.145470	0.988422	-0.102557	421.067627
9654.146414	1.476123	-0.102557	1814.527710
9654.147350	0.723607	-0.102557	2491.823975
9654.148233	0.094006	-0.102557	2574.831543
9654.149133	0.087198	-0.102557	2653.310059
9654.150132	0.087155	-0.102557	2740.377441
9654.151053	0.087078	-0.102557	2820.575928
9654.151924	0.087261	-0.102557	2896.580078
9654.152801	0.087180	-0.102557	2973.037109
9654.153764	0.087140	-0.102557	3056.952881
9654.154684	0.087166	-0.102557	3137.145264
9654.155563	0.087272	-0.102557	3213.857178
9654.156602	0.087184	-0.102557	3304.441162
9655.136711	0.991996	-0.036722	431.518219
9655.137570	1.475149	-0.036722	1698.671143
9655.138603	0.687034	-0.036722	2408.376953
9655.139658	0.089656	-0.036722	2502.963867
9655.140529	0.087155	-0.036722	2578.875488
9655.141457	0.087253	-0.036722	2659.846680
9655.142526	0.087239	-0.036722	2753.104980
9655.143467	0.087151	-0.036722	2835.114014
9655.144328	0.087305	-0.036722	2910.283447
9655.145370	0.087338	-0.036722	3001.289307
9655.146389	0.087103	-0.036722	3090.047607
9655.147285	0.087045	-0.036722	3168.039551
9655.148248	0.087338	-0.036722	3252.145752
9656.230348	1.000767	-0.108394	430.329651
9656.231241	1.475676	-0.108394	1748.108643
9656.232321	0.606702	-0.108394	2403.346436
9656.233272	0.089421	-0.108394	2488.386230
9656.234128	0.087059	-0.108394	2562.908936
9656.235152	0.087272	-0.108394	2652.275146
9656.236213	0.087217	-0.108394	2744.812256
9656.237082	0.087136	-0.108394	2820.533691
9656.238016	0.087316	-0.108394	2902.086426
9656.239083	0.087286	-0.108394	2995.220947
9656.240022	0.087224	-0.108394	3077.124512
9656.240887	0.087136	-0.108394	3152.497314
9656.241917	0.087283	-0.108394	3242.398437
9657.215494	1.025958	-0.035227	512.979126
9657.216462	1.485172	-0.035227	1950.625610
9657.217389	0.568748	-0.035227	2477.854492
9657.218271	0.091040	-0.035227	2558.151855
9657.219287	0.087224	-0.035227	2646.771484
9657.220185	0.087129	-0.035227	2725.013184
9657.221106	0.087261	-0.035227	2805.380371
9657.221964	0.087264	-0.035227	2880.253174
9657.222984	0.087272	-0.035227	2969.270264
9657.223879	0.087213	-0.035227	3047.325928
9657.224759	0.087198	-0.035227	3124.060547
9657.225755	0.087198	-0.035227	3210.910156
9657.226700	0.087023	-0.035227	3293.146729
9658.320311	0.978603	-0.121844	411.013458
9658.321291	1.475537	-0.121844	1857.039917
9658.322358	0.505997	-0.121844	2396.938965
9658.323281	0.088762	-0.121844	2478.866455
9658.324143	0.087030	-0.121844	2553.886230
9658.325225	0.087264	-0.121844	2648.306396
9658.326221	0.087213	-0.121844	2735.170654
9658.327111	0.087166	-0.121844	2812.748047
9658.328104	0.087198	-0.121844	2899.336182
9658.329159	0.087129	-0.121844	2991.257080
9658.330062	0.087078	-0.121844	3069.888184
9658.330925	0.087129	-0.121844	3145.080322
9658.332026	0.087122	-0.121844	3241.001221
9659.294141	1.006326	-0.033121	429.701080
9659.295231	1.481056	-0.033121	2044.051880
9659.296208	0.417004	-0.033121	2451.465088
9659.297090	0.088879	-0.033121	2529.856689
9659.298086	0.087396	-0.033121	2616.903320
9659.299140	0.087220	-0.033121	2708.833740
9659.300030	0.087231	-0.033121	2786.469727
9659.300909	0.087155	-0.033121	2863.078613
9659.301998	0.087312	-0.033121	2958.161377
9659.302955	0.087111	-0.033121	3041.526123
9659.303822	0.087133	-0.033121	3117.070068
9659.304856	0.087316	-0.033121	3207.354492
9660.402210	1.065520	-0.118223	546.611755
9660.403119	1.483293	-0.118223	1894.925537
9660.403989	0.725244	-0.118223	2525.887939
9660.404959	0.094574	-0.118223	2617.624756
9660.405961	0.087129	-0.118223	2704.927979
9660.406854	0.087250	-0.118223	2782.842041
9660.407716	0.087180	-0.118223	2857.991455
9660.408792	0.087316	-0.118223	2951.943115
9660.409726	0.087198	-0.118223	3033.386475
9660.410600	0.087220	-0.118223	3109.617187
9660.411567	0.087301	-0.118223	3194.037354
9660.412577	0.087235	-0.118223	3282.144775
9660.413458	0.087092	-0.118223	3358.873047
9661.383114	1.004385	-0.039715	439.920532
9661.383977	1.475570	-0.039715	1713.337524
9661.385090	0.587556	-0.039715	2367.287598
9661.386045	0.089132	-0.039715	2452.408691
9661.386903	0.087041	-0.039715	2527.089844
9661.387983	0.087301	-0.039715	2621.375000
9661.389022	0.087209	-0.039715	2711.985596
9661.389899	0.087253	-0.039715	2788.506836
9661.390829	0.087173	-0.039715	2869.577637
9661.391903	0.087297	-0.039715	2963.334961
9661.392845	0.087162	-0.039715	3045.441406
9661.393703	0.087206	-0.039715	3120.263916
9661.394724	0.087184	-0.039715	3209.278564
9662.472659	1.004568	-0.091435	443.014435
9662.473530	1.476647	-0.091435	1729.173706
9662.474396	0.908873	-0.091435	2516.258057
9662.475433	0.097636	-0.091435	2617.506104
9662.476322	0.087213	-0.091435	2695.038574
9662.477237	0.087147	-0.091435	2774.778320
9662.478105	0.087202	-0.091435	2850.469727
9662.479138	0.087122	-0.091435	2940.466309
9662.480034	0.087246	-0.091435	3018.638916
9662.480909	0.087074	-0.091435	3094.828613
9662.481899	0.087198	-0.091435	3181.155029
9662.482849	0.087224	-0.091435	3264.018066
9662.483772	0.087136	-0.091435	3344.444824
9663.481382	1.080183	-0.058902	558.454712
9663.482400	1.486959	-0.058902	2072.179199
9663.483284	0.527296	-0.058902	2538.309082
9663.484292	0.090011	-0.058902	2629.040039
9663.485338	0.087334	-0.058902	2720.391357
9663.486225	0.087169	-0.058902	2797.710449
9663.487083	0.087334	-0.058902	2872.643066
9663.488203	0.087330	-0.058902	2970.453125
9663.489172	0.087092	-0.058902	3054.845459
9663.490035	0.087191	-0.058902	3130.091309
9663.491072	0.087426	-0.058902	3220.751709
9663.492116	0.087169	-0.058902	3311.756348
9663.493010	0.087338	-0.058902	3389.836182
9664.537010	1.002239	-0.058398	420.940277
9664.538135	1.475347	-0.058398	2080.705322
9664.539105	0.405740	-0.058398	2474.272949
9664.539976	0.088788	-0.058398	2551.607178
9664.541037	0.087187	-0.058398	2644.113037
9664.542064	0.087089	-0.058398	2733.552979
9664.542955	0.087114	-0.058398	2811.171875
9664.543891	0.087220	-0.058398	2892.810303
9664.544938	0.087177	-0.058398	2984.084229
9664.545872	0.087220	-0.058398	3065.548096
9664.546734	0.087136	-0.058398	3140.659424
9664.547801	0.087202	-0.058398	3233.704102
9665.586619	0.979794	-0.093263	413.472961
9665.587584	1.474860	-0.093263	1836.712402
9665.588639	0.528966	-0.093263	2394.771484
9665.589531	0.089645	-0.093263	2474.734619
9665.590398	0.087151	-0.093263	2550.294434
9665.591426	0.087268	-0.093263	2640.006104
9665.592386	0.087056	-0.093263	2723.579590
9665.593262	0.087209	-0.093263	2799.975098
9665.594180	0.087151	-0.093263	2879.979492
9665.595229	0.087224	-0.093263	2971.477539
9665.596116	0.087114	-0.093263	3048.747803
9665.596976	0.087140	-0.093263	3123.687988
9665.598012	0.087268	-0.093263	3214.097656
9666.595297	1.029913	-0.035675	476.849854
9666.596172	1.478452	-0.035675	1770.495483
9666.597142	0.743690	-0.035675	2491.875000
9666.598201	0.090190	-0.035675	2587.386719
9666.599124	0.087070	-0.035675	2667.752686
9666.599982	0.087147	-0.035675	2742.524902
9666.601055	0.087063	-0.035675	2835.943359
9666.602055	0.087158	-0.035675	2923.101562
9666.602939	0.087107	-0.035675	3000.104004
9666.603933	0.087191	-0.035675	3086.771973
9666.604977	0.087253	-0.035675	3177.864502
9666.605879	0.087122	-0.035675	3256.448242
9666.606738	0.087089	-0.035675	3331.257324
9667.689918	0.992545	-0.133474	427.786987
9667.690791	1.475618	-0.133474	1716.001221
9667.691782	0.754915	-0.133474	2464.121582
9667.692683	0.094061	-0.133474	2548.870850
9667.693557	0.087056	-0.133474	2624.957520
9667.694491	0.087198	-0.133474	2706.400879
9667.695480	0.087147	-0.133474	2792.589355
9667.696401	0.087202	-0.133474	2872.902588
9667.697265	0.087140	-0.133474	2948.191406
9667.698316	0.087246	-0.133474	3039.886963
9667.699186	0.086953	-0.133474	3115.536133
9667.700058	0.087107	-0.133474	3191.493408
9667.700920	0.087081	-0.133474	3266.557373
9668.665785	0.979475	-0.030196	411.379547
9668.666680	1.474230	-0.030196	1730.815063
9668.667779	0.586626	-0.030196	2375.517090
9668.668726	0.089312	-0.030196	2460.095215
9668.669594	0.086975	-0.030196	2535.589600
9668.670615	0.087323	-0.030196	2624.746338
9668.671654	0.087166	-0.030196	2715.311279
9668.672542	0.087092	-0.030196	2792.649170
9668.673460	0.087228	-0.030196	2872.724365
9668.674527	0.087297	-0.030196	2965.870605
9668.675473	0.087140	-0.030196	3048.304932
9668.676338	0.087253	-0.030196	3123.779053
9668.677392	0.087228	-0.030196	3215.717041
9669.773853	1.071335	-0.124422	547.452393
9669.774890	1.486644	-0.124422	2089.102539
9669.775773	0.512095	-0.124422	2541.282227
9669.776728	0.090414	-0.124422	2627.627441
9669.777776	0.087264	-0.124422	2719.080566
9669.778703	0.087177	-0.124422	2799.893311
9669.779559	0.087067	-0.124422	2874.422363
9669.780595	0.087275	-0.124422	2964.839600
9669.781624	0.087173	-0.124422	3054.540527
9669.782496	0.087268	-0.124422	3130.638184
9669.783448	0.087272	-0.124422	3213.720947
9669.784508	0.087268	-0.124422	3306.225098
9669.785431	0.087122	-0.124422	3386.638428
9670.759858	0.976813	-0.038865	409.284515
9670.760810	1.474424	-0.038865	1812.936035
9670.761791	0.655060	-0.038865	2455.549805
9670.762719	0.091366	-0.038865	2540.337402
9670.763580	0.086971	-0.038865	2615.219727
9670.764663	0.087122	-0.038865	2709.572510
9670.765548	0.086982	-0.038865	2786.552002
9670.766420	0.087085	-0.038865	2862.489990
9670.767288	0.087228	-0.038865	2938.203613
9670.768325	0.087063	-0.038865	3028.488037
9670.769220	0.087235	-0.038865	3106.563477
9670.770096	0.087217	-0.038865	3182.965332
9670.771089	0.087231	-0.038865	3269.586182
9671.839158	0.978058	-0.086488	410.784271
9671.840160	1.478833	-0.086488	1892.574951
9671.841222	0.498424	-0.086488	2421.901367
9671.842103	0.089242	-0.086488	2500.523437
9671.842974	0.087081	-0.086488	2576.371338
9671.844066	0.087279	-0.086488	2671.680176
9671.845028	0.087056	-0.086488	2755.427734
9671.845889	0.087253	-0.086488	2830.552979
9671.846941	0.087426	-0.086488	2922.524658
9671.847981	0.087129	-0.086488	3013.138672
9671.848860	0.087144	-0.086488	3089.737793
9671.849788	0.087220	-0.086488	3170.678467
9671.850857	0.087209	-0.086488	3263.905273
9672.867366	1.085094	-0.069367	577.270020
9672.868322	1.486018	-0.069367	1997.903320
9672.869195	0.628583	-0.069367	2546.656006
9672.870256	0.089469	-0.069367	2641.582520
9672.871287	0.087103	-0.069367	2731.385986
9672.872180	0.087085	-0.069367	2809.152832
9672.873132	0.087140	-0.069367	2892.110107
9672.874182	0.087279	-0.069367	2983.753174
9672.875103	0.087019	-0.069367	3063.897705
9672.875961	0.087206	-0.069367	3138.720215
9672.877014	0.087242	-0.069367	3230.586426
9672.878023	0.087067	-0.069367	3318.436768
9672.878899	0.087151	-0.069367	3394.781006
9673.893385	1.023043	-0.047985	514.590698
9673.894426	1.486516	-0.047985	2062.053955
9673.895328	0.512644	-0.047985	2524.458984
9673.896191	0.090220	-0.047985	2602.318604
9673.897240	0.087074	-0.047985	2693.659180
9673.898181	0.087122	-0.047985	2775.640625
9673.899052	0.086993	-0.047985	2851.411865
9673.899949	0.087220	-0.047985	2929.648682
9673.901045	0.087111	-0.047985	3025.121826
9673.901926	0.087048	-0.047985	3101.811523
9673.902789	0.087063	-0.047985	3176.946777
9673.903802	0.087162	-0.047985	3265.241699
9673.904772	0.087173	-0.047985	3349.799316
9674.975678	0.991403	-0.115580	425.311707
9674.976730	1.483158	-0.115580	1985.593994
9674.977745	0.444624	-0.115580	2436.887451
9674.978629	0.088909	-0.115580	2515.482666
9674.979580	0.087169	-0.115580	2598.380615
9674.980628	0.087151	-0.115580	2689.714844
9674.981559	0.087180	-0.115580	2770.879639
9674.982421	0.087184	-0.115580	2846.032227
9674.983490	0.087242	-0.115580	2939.294434
9674.984505	0.087030	-0.115580	3027.629883
9674.985377	0.087187	-0.115580	3103.657471
9674.986338	0.087133	-0.115580	3187.391846
9674.987408	0.087041	-0.115580	3280.525635
9675.961796	0.988674	-0.040279	425.129944
9675.962666	1.475698	-0.040279	1708.987305
9675.963599	0.842626	-0.040279	2495.157227
9675.964587	0.093413	-0.040279	2587.449463
9675.965502	0.087074	-0.040279	2667.122070
9675.966366	0.087202	-0.040279	2742.464844
9675.967383	0.087198	-0.040279	2831.145752
9675.968278	0.087059	-0.040279	2909.063965
9675.969179	0.087323	-0.040279	2987.741943
9675.970052	0.087198	-0.040279	3063.866211
9675.971089	0.087078	-0.040279	3154.165771
9675.971980	0.087114	-0.040279	3231.784668
9675.972857	0.087026	-0.040279	3308.106689
9677.064646	0.992344	-0.126731	430.677185
9677.065512	1.475226	-0.126731	1708.222656
9677.066579	0.646897	-0.126731	2398.461670
9677.067594	0.089249	-0.126731	2489.049561
9677.068491	0.087103	-0.126731	2567.181152
9677.069454	0.087250	-0.126731	2651.202637
9677.070511	0.087308	-0.126731	2743.487549
9677.071427	0.087158	-0.126731	2823.324463
9677.072287	0.087056	-0.126731	2898.192383
9677.073376	0.087312	-0.126731	2993.275146
9677.074363	0.087195	-0.126731	3079.336426
9677.075252	0.087286	-0.126731	3156.934082
9677.076242	0.087283	-0.126731	3243.343994
9678.044621	0.997134	-0.041367	441.730255
9678.045483	1.475709	-0.041367	1713.791504
9678.046557	0.624712	-0.041367	2384.731934
9678.047569	0.088901	-0.041367	2474.700195
9678.048459	0.087173	-0.041367	2552.283936
9678.049432	0.087316	-0.041367	2637.242187
9678.050487	0.087177	-0.041367	2729.213379
9678.051395	0.087166	-0.041367	2808.359619
9678.052260	0.087191	-0.041367	2883.780029
9678.053351	0.087118	-0.041367	2978.825684
9678.054312	0.087059	-0.041367	3062.489746
9678.055190	0.087184	-0.041367	3139.037109
9678.056194	0.087360	-0.041367	3226.746094
9679.137291	1.059734	-0.098230	527.747437
9679.138179	1.481301	-0.098230	1843.142944
9679.139042	0.789302	-0.098230	2524.310303
9679.140089	0.091787	-0.098230	2620.411377
9679.141033	0.087147	-0.098230	2702.678467
9679.141907	0.087122	-0.098230	2778.822754
9679.142842	0.087111	-0.098230	2860.271240
9679.143900	0.087136	-0.098230	2952.461426
9679.144797	0.087048	-0.098230	3030.543701
9679.145658	0.087294	-0.098230	3105.703613
9679.146710	0.087275	-0.098230	3197.517334
9679.147671	0.087030	-0.098230	3281.153076
9679.148541	0.087122	-0.098230	3356.948730
9680.141751	0.980409	-0.057117	412.752167
9680.142791	1.481711	-0.057117	1953.732056
9680.143845	0.427540	-0.057117	2404.359375
9680.144733	0.088513	-0.057117	2482.958984
9680.145687	0.087173	-0.057117	2566.121826
9680.146739	0.087235	-0.057117	2657.893066
9680.147682	0.087026	-0.057117	2739.958984
9680.148542	0.087198	-0.057117	2814.949707
9680.149604	0.087250	-0.057117	2907.608887
9680.150604	0.087111	-0.057117	2994.719482
9680.151491	0.087169	-0.057117	3072.038574
9680.152452	0.087279	-0.057117	3155.913818
9680.153501	0.087162	-0.057117	3247.346680
9681.202738	1.085885	-0.070117	573.347290
9681.203760	1.487018	-0.070117	2093.079590
9681.204655	0.489456	-0.070117	2531.142334
9681.205621	0.090062	-0.070117	2618.142578
9681.206664	0.087213	-0.070117	2709.105957
9681.207591	0.087191	-0.070117	2789.932129
9681.208450	0.087213	-0.070117	2864.848145
9681.209507	0.087316	-0.070117	2957.140869
9681.210520	0.087067	-0.070117	3045.339355
9681.211399	0.087180	-0.070117	3121.970703
9681.212372	0.087294	-0.070117	3206.907471
9681.213449	0.087261	-0.070117	3300.887207
9681.214343	0.087184	-0.070117	3378.829590
9682.245050	0.986221	-0.088168	419.143799
9682.246025	1.475933	-0.088168	1858.178101
9682.247058	0.529504	-0.088168	2405.156250
9682.247946	0.089967	-0.088168	2485.046875
9682.248806	0.087162	-0.088168	2560.006104
9682.249895	0.087246	-0.088168	2655.017090
9682.250825	0.087096	-0.088168	2736.016357
9682.251695	0.087301	-0.088168	2811.968262
9682.252657	0.087323	-0.088168	2895.972900
9682.253687	0.087166	-0.088168	2985.753418
9682.254564	0.087107	-0.088168	3062.146240
9682.255430	0.087026	-0.088168	3137.510986
9682.256469	0.087198	-0.088168	3228.110107
9683.266058	1.052494	-0.047659	527.299438
9683.267049	1.486106	-0.047659	2000.030396
9683.267945	0.581635	-0.047659	2521.174805
9683.268925	0.090934	-0.047659	2610.290039
9683.269962	0.087187	-0.047659	2700.703369
9683.270867	0.087140	-0.047659	2779.564941
9683.271728	0.087213	-0.047659	2854.655518
9683.272803	0.087411	-0.047659	2948.622314
9683.273795	0.087059	-0.047659	3034.985107
9683.274677	0.087092	-0.047659	3111.800537
9683.275687	0.087323	-0.047659	3199.996826
9683.276743	0.087191	-0.047659	3292.070801
9683.277625	0.087155	-0.047659	3368.941162
9684.346292	1.001503	-0.120938	419.629639
9684.347293	1.482924	-0.120938	1904.036133
9684.348217	0.670247	-0.120938	2523.343994
9684.349079	0.093794	-0.120938	2604.194336
9684.350129	0.087133	-0.120938	2695.683594
9684.351012	0.087122	-0.120938	2772.612061
9684.351935	0.087140	-0.120938	2853.042236
9684.352794	0.087125	-0.120938	2927.882812
9684.353758	0.087059	-0.120938	3011.808105
9684.354690	0.087133	-0.120938	3093.015625
9684.355566	0.087294	-0.120938	3169.484863
9684.356616	0.087096	-0.120938	3260.935547
9684.357520	0.087092	-0.120938	3339.666992
9685.336579	1.043599	-0.038019	517.624939
9685.337451	1.480693	-0.038019	1808.789551
9685.338344	0.769347	-0.038019	2495.816406
9685.339447	0.090172	-0.038019	2595.276367
9685.340399	0.087074	-0.038019	2678.170898
9685.341262	0.087092	-0.038019	2753.331543
9685.342289	0.087345	-0.038019	2843.034912
9685.343316	0.087286	-0.038019	2932.677979
9685.344205	0.087118	-0.038019	3010.125732
9685.345134	0.087272	-0.038019	3091.201172
9685.346168	0.087129	-0.038019	3181.292480
9685.347109	0.087100	-0.038019	3263.253174
9685.347974	0.087147	-0.038019	3338.635498
9686.435386	1.094604	-0.138006	605.316284
9686.436446	1.481701	-0.138006	2175.918945
9686.437332	0.430243	-0.138006	2557.114258
9686.438209	0.089220	-0.138006	2635.360107
9686.439304	0.087283	-0.138006	2730.934570
9686.440274	0.087081	-0.138006	2815.403320
9686.441141	0.087231	-0.138006	2891.032959
9686.442172	0.087283	-0.138006	2981.021484
9686.443209	0.087195	-0.138006	3071.442627
9686.444100	0.087213	-0.138006	3149.149414
9686.445042	0.087213	-0.138006	3231.304199
9686.446098	0.087334	-0.138006	3323.528809
9687.414240	1.022728	-0.033697	460.227692
9687.415111	1.477683	-0.033697	1747.289673
9687.416120	0.716865	-0.033697	2470.606689
9687.417027	0.092186	-0.033697	2554.219727
9687.417926	0.087195	-0.033697	2632.607910
9687.418806	0.087264	-0.033697	2709.400635
9687.419825	0.087070	-0.033697	2798.125244
9687.420724	0.087114	-0.033697	2876.440918
9687.421601	0.087275	-0.033697	2952.981445
9687.422557	0.087129	-0.033697	3036.276611
9687.423540	0.087162	-0.033697	3121.956787
9687.424456	0.087246	-0.033697	3201.874268
9687.425319	0.087195	-0.033697	3277.123291
9688.521142	0.991688	-0.141430	417.500732
9688.522242	1.481115	-0.141430	2046.726685
9688.523241	0.393127	-0.141430	2439.460937
9688.524138	0.088345	-0.141430	2518.706055
9688.525133	0.087213	-0.141430	2605.483154
9688.526181	0.087177	-0.141430	2696.844238
9688.527079	0.087158	-0.141430	2775.112305
9688.527942	0.087166	-0.141430	2850.336182
9688.529052	0.087283	-0.141430	2947.219971
9688.530004	0.087213	-0.141430	3030.246826
9688.530865	0.087246	-0.141430	3105.365723
9688.531928	0.087191	-0.141430	3198.049805
9689.495092	1.105997	-0.032307	608.298523
9689.496154	1.473798	-0.032307	2173.471436
9689.497055	0.397544	-0.032307	2531.658447
9689.497960	0.088934	-0.032307	2612.144043
9689.499052	0.087220	-0.032307	2707.388672
9689.499994	0.087034	-0.032307	2789.374512
9689.500862	0.087111	-0.032307	2864.986572
9689.501886	0.087089	-0.032307	2954.165283
9689.502910	0.087089	-0.032307	3043.343994
9689.503804	0.087228	-0.032307	3121.325684
9689.504747	0.087264	-0.032307	3203.615967
9689.505793	0.087352	-0.032307	3294.986572
9690.608061	0.987623	-0.146546	423.690399
9690.609053	1.477683	-0.146546	1889.552124
9690.609983	0.646838	-0.146546	2491.111816
9690.610889	0.091824	-0.146546	2574.304199
9690.611774	0.087169	-0.146546	2651.448975
9690.612806	0.087231	-0.146546	2741.471924
9690.613700	0.087231	-0.146546	2819.456787
9690.614574	0.087224	-0.146546	2895.690674
9690.615512	0.087224	-0.146546	2977.506836
9690.616510	0.087235	-0.146546	3064.567383
9690.617435	0.087220	-0.146546	3145.246338
9690.618303	0.087242	-0.146546	3220.972656
9690.619357	0.087235	-0.146546	3312.918457
9691.578942	1.102665	-0.033491	598.747009
9691.579871	1.485509	-0.033491	1978.784912
9691.580738	0.645817	-0.033491	2538.708008
9691.581799	0.089615	-0.033491	2633.790039
9691.582808	0.087184	-0.033491	2721.758545
9691.583681	0.087198	-0.033491	2797.882812
9691.584675	0.087206	-0.033491	2884.565430
9691.585712	0.087250	-0.033491	2975.043457
9691.586612	0.087235	-0.033491	3053.555176
9691.587478	0.087089	-0.033491	3128.973877
9691.588531	0.087231	-0.033491	3220.828613
9691.589540	0.087015	-0.033491	3308.627197
9691.590432	0.087151	-0.033491	3386.365723
9692.687906	1.057090	-0.144927	558.143433
9692.688975	1.476211	-0.144927	2136.212891
9692.689894	0.396097	-0.144927	2500.226318
9692.690759	0.088737	-0.144927	2576.983398
9692.691858	0.087341	-0.144927	2672.971436
9692.692856	0.087191	-0.144927	2759.988281
9692.693750	0.087114	-0.144927	2837.868408
9692.694744	0.087319	-0.144927	2924.663818
9692.695789	0.087169	-0.144927	3015.755615
9692.696678	0.087144	-0.144927	3093.226318
9692.697547	0.087202	-0.144927	3169.004883
9692.698638	0.087268	-0.144927	3264.214355
9693.661749	1.102621	-0.034933	606.441467
9693.662752	1.487468	-0.034933	2098.372070
9693.663650	0.483248	-0.034933	2532.329102
9693.664511	0.089967	-0.034933	2609.790771
9693.665622	0.087070	-0.034933	2706.525879
9693.666531	0.087023	-0.034933	2785.629395
9693.667409	0.087067	-0.034933	2862.073975
9693.668414	0.087191	-0.034933	2949.701172
9693.669395	0.087089	-0.034933	3035.135010
9693.670273	0.086997	-0.034933	3111.518555
9693.671130	0.087166	-0.034933	3186.219482
9693.672214	0.087180	-0.034933	3280.722900
9694.772691	1.001609	-0.150325	447.719208
9694.773553	1.476280	-0.150325	1720.272949
9694.774584	0.702598	-0.150325	2444.651123
9694.775620	0.089956	-0.150325	2537.845703
9694.776492	0.087100	-0.150325	2613.796631
9694.777385	0.087177	-0.150325	2691.645264
9694.778471	0.087213	-0.150325	2786.358643
9694.779437	0.087118	-0.150325	2870.514648
9694.780305	0.087231	-0.150325	2946.231445
9694.781327	0.087334	-0.150325	3035.486816
9694.782360	0.087070	-0.150325	3125.430420
9694.783254	0.087147	-0.150325	3203.340088
9694.784190	0.087111	-0.150325	3284.875488
9695.744565	1.099219	-0.035521	592.478882
9695.745591	1.486622	-0.035521	2117.753418
9695.746488	0.465286	-0.035521	2535.114746
9695.747430	0.089604	-0.035521	2619.522217
9695.748480	0.087213	-0.035521	2711.095947
9695.749426	0.087162	-0.035521	2793.551025
9695.750287	0.087166	-0.035521	2868.600586
9695.751342	0.087290	-0.035521	2960.691650
9695.752366	0.087015	-0.035521	3049.795410
9695.753240	0.087184	-0.035521	3125.994141
9695.754188	0.087169	-0.035521	3208.630615
9695.755247	0.087312	-0.035521	3301.093994
9696.855530	1.029994	-0.151529	483.067139
9696.856416	1.479185	-0.151529	1793.624634
9696.857285	0.831094	-0.151529	2515.845215
9696.858346	0.092622	-0.151529	2614.117187
9696.859289	0.087019	-0.151529	2696.176025
9696.860155	0.087015	-0.151529	2771.531250
9696.861101	0.087239	-0.151529	2854.059082
9696.862156	0.087261	-0.151529	2946.119141
9696.863035	0.087114	-0.151529	3022.692627
9696.863894	0.087151	-0.151529	3097.555176
9696.864927	0.087103	-0.151529	3187.532959
9696.865887	0.087169	-0.151529	3271.215332
9696.866761	0.087063	-0.151529	3347.308350
9697.828369	1.063228	-0.037072	537.993103
9697.829291	1.483535	-0.037072	1905.812500
9697.830167	0.697390	-0.037072	2516.726318
9697.831246	0.089718	-0.037072	2613.531982
9697.832244	0.087136	-0.037072	2700.493896
9697.833133	0.087158	-0.037072	2777.977539
9697.834104	0.087294	-0.037072	2862.739746
9697.835157	0.087209	-0.037072	2954.571289
9697.836067	0.087129	-0.037072	3033.858643
9697.836929	0.087195	-0.037072	3109.020508
9697.838029	0.087235	-0.037072	3204.979004
9697.839013	0.087107	-0.037072	3290.692139
9697.839904	0.087129	-0.037072	3368.323975
9698.934211	0.990758	-0.139086	426.025970
9698.935143	1.475303	-0.139086	1801.008057
9698.936094	0.688967	-0.139086	2456.215820
9698.937014	0.092516	-0.139086	2541.330322
9698.937883	0.087118	-0.139086	2617.035889
9698.938890	0.087198	-0.139086	2704.844727
9698.939813	0.087118	-0.139086	2785.254639
9698.940732	0.087158	-0.139086	2865.353027
9698.941596	0.087103	-0.139086	2940.610352
9698.942599	0.087180	-0.139086	3028.052002
9698.943519	0.087184	-0.139086	3108.261230
9698.944383	0.087140	-0.139086	3183.550049
9698.945416	0.087253	-0.139086	3273.682861
9699.916223	0.988407	-0.042942	421.061401
9699.917207	1.477262	-0.042942	1874.687256
9699.918270	0.512311	-0.042942	2419.273682
9699.919171	0.089136	-0.042942	2499.584961
9699.920030	0.087118	-0.042942	2574.419189
9699.921117	0.087261	-0.042942	2669.271729
9699.922113	0.087257	-0.042942	2756.179687
9699.922993	0.087100	-0.042942	2832.827393
9699.923993	0.087301	-0.042942	2920.128418
9699.925043	0.087191	-0.042942	3011.679199
9699.925916	0.087166	-0.042942	3087.774658
9699.926782	0.087308	-0.042942	3163.383789
9699.927888	0.087279	-0.042942	3259.914307
9701.008854	1.007999	-0.117647	447.551697
9701.009721	1.476269	-0.117647	1727.477295
9701.010773	0.647278	-0.117647	2408.413574
9701.011797	0.089399	-0.117647	2499.958496
9701.012674	0.087067	-0.117647	2576.315918
9701.013642	0.087349	-0.117647	2660.869385
9701.014687	0.087228	-0.117647	2752.022461
9701.015611	0.087352	-0.117647	2832.736084
9701.016466	0.087264	-0.117647	2907.347168
9701.017500	0.087301	-0.117647	2997.616455
9701.018510	0.087173	-0.117647	3085.661133
9701.019392	0.087283	-0.117647	3162.644531
9701.020363	0.087407	-0.117647	3247.516846
9702.011471	1.112432	-0.056730	629.636292
9702.012358	1.484901	-0.056730	1946.743652
9702.013279	0.593163	-0.056730	2493.046631
9702.014153	0.091578	-0.056730	2573.086182
9702.015184	0.087228	-0.056730	2663.018066
9702.016076	0.087184	-0.056730	2740.786133
9702.016955	0.087217	-0.056730	2817.449707
9702.017948	0.087220	-0.056730	2904.059570
9702.018902	0.087195	-0.056730	2987.243408
9702.019828	0.087125	-0.056730	3067.921387
9702.020691	0.087228	-0.056730	3143.198975
9702.021729	0.087231	-0.056730	3233.745117
9702.022603	0.087173	-0.056730	3309.934082
9703.076281	0.987949	-0.088776	416.914581
9703.077361	1.482964	-0.088776	2018.515625
9703.078370	0.408995	-0.088776	2431.191895
9703.079262	0.088524	-0.088776	2510.155518
9703.080228	0.087136	-0.088776	2594.329102
9703.081274	0.087261	-0.088776	2685.603760
9703.082185	0.087155	-0.088776	2765.001465
9703.083045	0.087283	-0.088776	2840.064697
9703.084132	0.087173	-0.088776	2934.821533
9703.085116	0.087173	-0.088776	3020.599609
9703.085992	0.087198	-0.088776	3096.985596
9703.086988	0.087253	-0.088776	3183.889893
9704.112574	0.988019	-0.085908	419.907990
9704.113574	1.478192	-0.085908	1898.100220
9704.114653	0.469131	-0.085908	2404.292480
9704.115547	0.088440	-0.085908	2483.357910
9704.116422	0.087184	-0.085908	2559.643799
9704.117519	0.087220	-0.085908	2655.324707
9704.118478	0.087169	-0.085908	2738.919922
9704.119341	0.087268	-0.085908	2814.232178
9704.120378	0.087257	-0.085908	2904.717773
9704.121420	0.087030	-0.085908	2995.403076
9704.122311	0.087111	-0.085908	3073.018555
9704.123245	0.087275	-0.085908	3154.533691
9704.124284	0.087158	-0.085908	3245.091064
9705.140783	1.088844	-0.060396	571.643066
9705.141730	1.485209	-0.060396	1978.135742
9705.142612	0.626693	-0.060396	2530.878906
9705.143515	0.092772	-0.060396	2614.652100
9705.144601	0.087250	-0.060396	2709.405273
9705.145492	0.087264	-0.060396	2787.157959
9705.146358	0.087220	-0.060396	2862.690918
9705.147404	0.087294	-0.060396	2954.000244
9705.148380	0.087144	-0.060396	3039.052246
9705.149260	0.087034	-0.060396	3115.641846
9705.150145	0.087294	-0.060396	3192.896729
9705.151246	0.087151	-0.060396	3288.849854
9705.152125	0.087129	-0.060396	3365.436279
9706.213900	1.053549	-0.116982	529.934937
9706.214848	1.484648	-0.116982	1937.381714
9706.215729	0.673737	-0.116982	2530.943604
9706.216718	0.092340	-0.116982	2622.268066
9706.217765	0.087177	-0.116982	2713.541992
9706.218660	0.087052	-0.116982	2791.453613
9706.219528	0.087235	-0.116982	2867.173584
9706.220626	0.087411	-0.116982	2963.150635
9706.221588	0.087059	-0.116982	3046.901611
9706.222451	0.087147	-0.116982	3122.109619
9706.223484	0.087462	-0.116982	3212.458008
9706.224510	0.087169	-0.116982	3301.893555
9706.225392	0.087206	-0.116982	3378.809082
9707.206073	1.000745	-0.043921	422.314270
9707.207182	1.481030	-0.043921	2064.776855
9707.208145	0.441559	-0.043921	2489.998047
9707.209004	0.089194	-0.043921	2566.615967
9707.210066	0.087253	-0.043921	2659.279053
9707.211110	0.087217	-0.043921	2750.333496
9707.211984	0.087100	-0.043921	2826.458496
9707.212905	0.087166	-0.043921	2906.738037
9707.213968	0.087107	-0.043921	2999.332764
9707.214911	0.087085	-0.043921	3081.453857
9707.215773	0.087166	-0.043921	3156.590576
9707.216803	0.087308	-0.043921	3246.518066
9708.310099	1.079777	-0.141329	597.116455
9708.311139	1.480994	-0.141329	2137.349854
9708.312047	0.410435	-0.141329	2510.024414
9708.312909	0.088978	-0.141329	2586.723633
9708.314015	0.087202	-0.141329	2683.169189
9708.314942	0.087103	-0.141329	2763.913818
9708.315820	0.087166	-0.141329	2840.445068
9708.316775	0.087363	-0.141329	2923.876953
9708.317788	0.087177	-0.141329	3012.186768
9708.318667	0.087151	-0.141329	3088.792480
9708.319523	0.087217	-0.141329	3163.449951
9708.320597	0.087187	-0.141329	3257.089355
