time (s)	coil I (A)	last det (V)	int current (uC)
8644.064737	1.027723	-0.006659	457.336884
8644.065604	1.477705	-0.006659	1738.507202
8644.066727	1.470190	-0.006659	3389.531006
8644.067726	1.430885	-0.006659	4818.985352
8644.068622	1.395674	-0.006659	6069.509277
8644.069623	1.358467	-0.006659	7429.334473
8644.070678	1.320681	-0.006659	8822.653320
8644.071571	0.656019	-0.006659	9408.478516
8644.072447	0.094032	-0.006659	9490.850586
8644.073556	0.087133	-0.006659	9587.480469
8644.074513	0.087019	-0.006659	9670.757812
8644.075374	0.087001	-0.006659	9745.665039
8644.076408	0.087122	-0.006659	9835.749023
8644.077430	0.087158	-0.006659	9924.824219
8644.078310	0.087118	-0.006659	10001.488281
8644.079234	0.087118	-0.006659	10081.985352
8644.080312	0.087231	-0.006659	10176.020508
8644.081246	0.087107	-0.006659	10257.377930
8645.041603	0.994548	0.010043	428.650360
8645.042479	1.476548	0.010043	1722.106323
8645.043434	1.476683	0.010043	3132.338867
8645.044415	1.439121	0.010043	4544.116699
8645.045349	1.402039	0.010043	5853.620605
8645.046217	1.368669	0.010043	7041.625488
8645.047272	1.331074	0.010043	8445.909180
8645.048166	1.016829	0.010043	9354.954102
8645.049042	0.132931	0.010043	9471.401367
8645.049924	0.086993	0.010043	9548.129883
8645.050975	0.086913	0.010043	9639.475586
8645.051860	0.086971	0.010043	9716.445312
8645.052738	0.087019	0.010043	9792.847656
8645.053735	0.087239	0.010043	9879.824219
8645.054668	0.087059	0.010043	9961.050781
8645.055590	0.087122	0.010043	10041.376953
8645.056453	0.087100	0.010043	10116.543945
8645.057479	0.086982	0.010043	10205.788086
8646.149671	1.081154	-0.008552	561.118713
8646.150695	1.487369	-0.008552	2084.185059
8646.151572	1.471099	-0.008552	3374.338623
8646.152557	1.433393	-0.008552	4786.231445
8646.153598	1.391748	-0.008552	6235.041016
8646.154518	1.356680	-0.008552	7483.186523
8646.155381	1.324537	-0.008552	8626.262695
8646.156444	0.637035	-0.008552	9303.430664
8646.157444	0.089502	-0.008552	9392.932617
8646.158330	0.087078	-0.008552	9470.083008
8646.159309	0.087297	-0.008552	9555.546875
8646.160366	0.087111	-0.008552	9647.623047
8646.161273	0.087063	-0.008552	9726.588867
8646.162133	0.087217	-0.008552	9801.595703
8646.163246	0.087250	-0.008552	9898.705078
8646.164201	0.087074	-0.008552	9981.860352
8646.165088	0.086986	-0.008552	10059.016602
8646.166082	0.087301	-0.008552	10145.793945
8647.128501	0.985851	0.000605	415.043213
8647.129561	1.483462	0.000605	1987.512817
8647.130578	1.468293	0.000605	3480.767090
8647.131480	1.432614	0.000605	4772.984375
8647.132451	1.394674	0.000605	6127.212891
8647.133518	1.354457	0.000605	7572.418457
8647.134434	1.321377	0.000605	8782.799805
8647.135307	0.714144	0.000605	9406.248047
8647.136404	0.090538	0.000605	9505.568359
8647.137395	0.087015	0.000605	9591.800781
8647.138275	0.087111	0.000605	9668.458008
8647.139273	0.087187	0.000605	9755.470703
8647.140333	0.087122	0.000605	9847.819336
8647.141219	0.087067	0.000605	9924.959961
8647.142076	0.087169	0.000605	9999.664062
8647.143181	0.087158	0.000605	10095.973633
8647.144147	0.087012	0.000605	10180.027344
8647.145005	0.087092	0.000605	10254.752930
8648.229390	1.033077	-0.007218	526.869446
8648.230425	1.487289	-0.007218	2066.213379
8648.231319	1.470549	-0.007218	3380.884521
8648.232187	1.435606	-0.007218	4626.990234
8648.233265	1.393912	-0.007218	6129.627930
8648.234214	1.358013	-0.007218	7418.381836
8648.235093	1.326167	-0.007218	8584.083008
8648.236068	0.782882	-0.007218	9347.392578
8648.237094	0.092644	-0.007218	9442.445312
8648.237974	0.086982	-0.007218	9518.990234
8648.238853	0.087129	-0.007218	9595.576172
8648.239825	0.087158	-0.007218	9680.293945
8648.240789	0.087078	-0.007218	9764.236328
8648.241653	0.087089	-0.007218	9839.480469
8648.242578	0.087107	-0.007218	9920.054687
8648.243640	0.087239	-0.007218	10012.702148
8648.244538	0.087041	-0.007218	10090.865234
8648.245399	0.087008	-0.007218	10165.779297
8649.213456	1.058558	0.001954	537.747620
8649.214343	1.482338	0.001954	1852.581055
8649.215202	1.474904	0.001954	3119.523193
8649.216334	1.433196	0.001954	4741.900879
8649.217297	1.395190	0.001954	6085.469238
8649.218165	1.362096	0.001954	7267.768555
8649.219182	1.324962	0.001954	8615.254883
8649.220232	0.655649	0.001954	9303.686523
8649.221127	0.092369	0.001954	9386.357422
8649.222052	0.087118	0.001954	9466.941406
8649.223114	0.087279	0.001954	9559.631836
8649.224056	0.087162	0.001954	9641.738281
8649.224924	0.087151	0.001954	9717.384766
8649.225983	0.087158	0.001954	9809.685547
8649.226994	0.087103	0.001954	9897.747070
8649.227885	0.087169	0.001954	9975.415039
8649.228842	0.087195	0.001954	10058.860352
8649.229891	0.087111	0.001954	10150.239258
8650.303001	1.063824	-0.008443	544.678101
8650.303945	1.484670	-0.008443	1946.206909
8650.304806	1.474406	-0.008443	3215.669922
8650.305851	1.433646	-0.008443	4713.830078
8650.306886	1.392806	-0.008443	6155.384766
8650.307780	1.359170	-0.008443	7370.482422
8650.308743	1.324757	-0.008443	8646.223633
8650.309813	0.609803	-0.008443	9298.712891
8650.310737	0.090454	-0.008443	9382.292969
8650.311599	0.086990	-0.008443	9457.278320
8650.312679	0.087089	-0.008443	9551.333984
8650.313673	0.086960	-0.008443	9637.772461
8650.314564	0.086993	-0.008443	9715.283203
8650.315545	0.087147	-0.008443	9800.774414
8650.316596	0.087056	-0.008443	9892.269531
8650.317509	0.087118	-0.008443	9971.808594
8650.318371	0.087041	-0.008443	10046.837891
8650.319464	0.087202	-0.008443	10142.149414
8651.306508	1.056581	-0.001643	535.686462
8651.307412	1.483173	-0.001643	1876.474609
8651.308288	1.475823	-0.001643	3169.295410
8651.309279	1.437557	-0.001643	4593.914551
8651.310294	1.397113	-0.001643	6011.984375
8651.311184	1.363356	-0.001643	7225.371094
8651.312051	1.330635	-0.001643	8379.031250
8651.313160	0.817306	-0.001643	9285.423828
8651.314056	0.100865	-0.001643	9375.798828
8651.314928	0.086979	-0.001643	9451.644531
8651.315946	0.087268	-0.001643	9540.483398
8651.316939	0.087173	-0.001643	9627.045898
8651.317810	0.087085	-0.001643	9702.896484
8651.318677	0.086960	-0.001643	9778.291016
8651.319759	0.087107	-0.001643	9872.541016
8651.320678	0.087001	-0.001643	9952.495117
8651.321551	0.087206	-0.001643	10028.625977
8651.322529	0.087275	-0.001643	10113.981445
8652.377530	0.982313	0.002401	413.553894
8652.378475	1.475039	0.002401	1807.465820
8652.379523	1.471022	0.002401	3349.096680
8652.380461	1.434137	0.002401	4694.317383
8652.381326	1.399541	0.002401	5904.920410
8652.382388	1.359902	0.002401	7349.136719
8652.383410	1.323003	0.002401	8701.246094
8652.384294	0.786039	0.002401	9396.104492
8652.385272	0.099741	0.002401	9493.651367
8652.386316	0.087111	0.002401	9584.594727
8652.387231	0.087067	0.002401	9664.260742
8652.388087	0.087092	0.002401	9738.811523
8652.389156	0.087253	0.002401	9832.084961
8652.390153	0.087023	0.002401	9918.846680
8652.391021	0.087045	0.002401	9994.401367
8652.391998	0.087213	0.002401	10079.608398
8652.393051	0.087136	0.002401	10171.363281
8652.393953	0.087114	0.002401	10249.940430
8653.397450	1.000514	0.000802	436.224060
8653.398319	1.476035	0.000802	1718.898682
8653.399294	1.476354	0.000802	3158.343750
8653.400267	1.438524	0.000802	4558.027832
8653.401187	1.402017	0.000802	5847.882812
8653.402052	1.368560	0.000802	7031.687012
8653.403080	1.331400	0.000802	8400.366211
8653.403983	1.036626	0.000802	9336.439453
8653.404868	0.135897	0.000802	9456.708008
8653.405761	0.087037	0.000802	9534.432617
8653.406800	0.087103	0.000802	9624.932617
8653.407689	0.087100	0.000802	9702.364258
8653.408564	0.087089	0.000802	9778.566406
8653.409552	0.087074	0.000802	9864.595703
8653.410467	0.087063	0.000802	9944.258789
8653.411392	0.087023	0.000802	10024.754883
8653.412253	0.087056	0.000802	10099.709961
8653.413291	0.087056	0.000802	10190.074219
8654.454209	0.989769	0.001543	421.641724
8654.455197	1.478459	0.001543	1882.359741
8654.456281	1.468682	0.001543	3474.410645
8654.457163	1.432877	0.001543	4738.208496
8654.458040	1.396458	0.001543	5962.901855
8654.459154	1.355995	0.001543	7473.479980
8654.460118	1.321637	0.001543	8747.538086
8654.460994	0.750505	0.001543	9404.980469
8654.462009	0.093124	0.001543	9499.500977
8654.463048	0.087023	0.001543	9589.917969
8654.463941	0.087096	0.001543	9667.694336
8654.464859	0.087162	0.001543	9747.708984
8654.465928	0.087144	0.001543	9840.865234
8654.466876	0.087056	0.001543	9923.393555
8654.467740	0.087136	0.001543	9998.679687
8654.468794	0.087239	0.001543	10090.628906
8654.469802	0.087048	0.001543	10178.374023
8654.470692	0.087180	0.001543	10255.964844
8655.487415	0.981676	0.002474	414.267303
8655.488424	1.477819	0.002474	1905.386353
8655.489478	1.468868	0.002474	3453.573730
8655.490369	1.433254	0.002474	4730.603516
8655.491230	1.397131	0.002474	5933.533691
8655.492356	1.356830	0.002474	7461.324219
8655.493311	1.322238	0.002474	8724.061523
8655.494189	0.773364	0.002474	9403.075195
8655.495232	0.092988	0.002474	9500.061523
8655.496272	0.087023	0.002474	9590.565430
8655.497157	0.087085	0.002474	9667.635742
8655.498079	0.087136	0.002474	9747.975586
8655.499144	0.087191	0.002474	9840.833984
8655.500093	0.087078	0.002474	9923.470703
8655.500963	0.087074	0.002474	9999.224609
8655.501994	0.087217	0.002474	10089.145508
8655.503010	0.087111	0.002474	10177.649414
8655.503897	0.086979	0.002474	10254.799805
8656.526795	1.002140	-0.002328	439.939423
8656.527660	1.475621	-0.002328	1716.351929
8656.528748	1.471615	-0.002328	3317.468994
8656.529744	1.432632	-0.002328	4744.370117
8656.530634	1.397648	-0.002328	5988.276367
8656.531636	1.360298	-0.002328	7351.294922
8656.532678	1.322476	-0.002328	8729.314453
8656.533583	0.734048	-0.002328	9393.627930
8656.534439	0.097712	-0.002328	9477.269531
8656.535531	0.087177	-0.002328	9572.465820
8656.536500	0.087070	-0.002328	9656.836914
8656.537368	0.087045	-0.002328	9732.391602
8656.538374	0.087220	-0.002328	9820.135742
8656.539433	0.087125	-0.002328	9912.401367
8656.540302	0.087096	-0.002328	9988.087891
8656.541181	0.087118	-0.002328	10064.664062
8656.542279	0.087180	-0.002328	10160.387695
8656.543243	0.087140	-0.002328	10244.390625
8657.577406	0.989052	0.003090	422.325012
8657.578422	1.481440	0.003090	1927.468506
8657.579450	1.468978	0.003090	3437.578125
8657.580341	1.433500	0.003090	4714.826172
8657.581282	1.396428	0.003090	6028.865234
8657.582357	1.355973	0.003090	7486.536133
8657.583292	1.322322	0.003090	8722.907227
8657.584166	0.772247	0.003090	9397.851562
8657.585239	0.091644	0.003090	9496.185547
8657.586243	0.087067	0.003090	9583.600586
8657.587129	0.087114	0.003090	9660.784180
8657.588089	0.087349	0.003090	9744.638672
8657.589147	0.087092	0.003090	9836.782227
8657.590069	0.087129	0.003090	9917.115234
8657.590929	0.087034	0.003090	9991.963867
8657.592019	0.087250	0.003090	10087.066406
8657.593006	0.087184	0.003090	10173.117187
8657.593886	0.087155	0.003090	10249.813477
8658.605630	1.076960	-0.000330	597.713074
8658.606549	1.485051	-0.000330	1962.475098
8658.607470	1.471465	-0.000330	3317.694336
8658.608350	1.436477	-0.000330	4581.793945
8658.609374	1.396531	-0.000330	6011.841309
8658.610282	1.362195	-0.000330	7248.713867
8658.611163	1.330203	-0.000330	8420.622070
8658.612131	0.917820	-0.000330	9309.071289
8658.613105	0.103663	-0.000330	9410.039062
8658.614031	0.086898	-0.000330	9490.506836
8658.614897	0.086986	-0.000330	9565.836914
8658.615944	0.087067	-0.000330	9656.996094
8658.616824	0.086968	-0.000330	9733.527344
8658.617697	0.087118	-0.000330	9809.581055
8658.618600	0.086986	-0.000330	9888.129883
8658.619607	0.086975	-0.000330	9975.713867
8658.620515	0.087034	-0.000330	10054.740234
8658.621398	0.086942	-0.000330	10131.509766
8659.668493	1.053922	0.001269	532.230652
8659.669493	1.486077	0.001269	2018.307373
8659.670386	1.471355	0.001269	3332.227295
8659.671383	1.432694	0.001269	4760.623047
8659.672438	1.391733	0.001269	6228.901367
8659.673332	1.356951	0.001269	7442.015137
8659.674213	1.324285	0.001269	8608.709961
8659.675300	0.622452	0.001269	9285.315430
8659.676260	0.090103	0.001269	9371.813477
8659.677125	0.087067	0.001269	9447.125977
8659.678178	0.087261	0.001269	9539.011719
8659.679216	0.087012	0.001269	9629.330078
8659.680093	0.087026	0.001269	9705.652344
8659.681026	0.087231	0.001269	9787.039062
8659.682086	0.087272	0.001269	9879.546875
8659.683026	0.087052	0.001269	9961.375977
8659.683884	0.087125	0.001269	10036.129883
8659.684909	0.087155	0.001269	10125.462891
8660.680128	0.985986	0.007533	420.030151
8660.681100	1.476313	0.007533	1855.006836
8660.682157	1.469542	0.007533	3408.312988
8660.683069	1.433188	0.007533	4715.380859
8660.683932	1.398124	0.007533	5921.961914
8660.685024	1.357936	0.007533	7404.827637
8660.686027	1.321695	0.007533	8730.488281
8660.686913	0.752051	0.007533	9396.805664
8660.687925	0.095870	0.007533	9493.826172
8660.688969	0.087019	0.007533	9584.673828
8660.689851	0.087059	0.007533	9661.459961
8660.690722	0.087184	0.007533	9737.397461
8660.691836	0.087187	0.007533	9834.524414
8660.692803	0.087056	0.007533	9918.707031
8660.693669	0.087048	0.007533	9994.090820
8660.694687	0.087224	0.007533	10082.884766
8660.695726	0.087140	0.007533	10173.422852
8660.696610	0.086953	0.007533	10250.289062
8661.755426	1.067450	-0.003553	546.534363
8661.756339	1.483235	-0.003553	1900.727783
8661.757210	1.474768	-0.003553	3185.250732
8661.758231	1.436019	-0.003553	4651.426270
8661.759235	1.395575	-0.003553	6052.583496
8661.760113	1.362037	-0.003553	7248.452148
8661.760981	1.329177	-0.003553	8402.177734
8661.762080	0.790554	-0.003553	9270.997070
8661.762998	0.097434	-0.003553	9360.441406
8661.763876	0.087045	-0.003553	9436.866211
8661.764849	0.087382	-0.003553	9521.888672
8661.765857	0.087056	-0.003553	9609.640625
8661.766742	0.086964	-0.003553	9686.603516
8661.767605	0.087114	-0.003553	9761.783203
8661.768690	0.087151	-0.003553	9856.341797
8661.769614	0.087037	-0.003553	9936.764648
8661.770487	0.087100	-0.003553	10012.802734
8661.771479	0.087078	-0.003553	10099.183594
8662.762951	1.004052	0.006329	435.758392
8662.763814	1.475039	0.006329	1708.717163
8662.764905	1.471293	0.006329	3313.897461
8662.765891	1.433192	0.006329	4727.024902
8662.766759	1.398691	0.006329	5941.088867
8662.767827	1.358258	0.006329	7391.708496
8662.768879	1.320813	0.006329	8781.204102
8662.769780	0.677856	0.006329	9391.953125
8662.770719	0.094325	0.006329	9480.524414
8662.771784	0.087136	0.006329	9573.324219
8662.772728	0.087074	0.006329	9655.522461
8662.773595	0.087162	0.006329	9731.091797
8662.774646	0.087070	0.006329	9822.602539
8662.775664	0.086979	0.006329	9911.146484
8662.776554	0.086997	0.006329	9988.574219
8662.777526	0.087114	0.006329	10073.249023
8662.778573	0.087206	0.006329	10164.553711
8662.779480	0.087103	0.006329	10243.556641
8663.839172	0.986466	-0.009301	426.153351
8663.840052	1.476061	-0.009301	1725.086792
8663.840919	1.478987	-0.009301	3007.368408
8663.841960	1.440051	-0.009301	4506.461914
8663.842866	1.402672	-0.009301	5777.282715
8663.843787	1.368080	-0.009301	7037.284180
8663.844653	1.334941	-0.009301	8193.343750
8663.845697	1.048055	-0.009301	9287.513672
8663.846587	0.140977	-0.009301	9412.982422
8663.847452	0.087008	-0.009301	9488.244141
8663.848434	0.087078	-0.009301	9573.753906
8663.849361	0.087103	-0.009301	9654.499023
8663.850234	0.087217	-0.009301	9730.639648
8663.851194	0.087173	-0.009301	9814.325195
8663.852211	0.087037	-0.009301	9902.841797
8663.853102	0.086979	-0.009301	9980.339844
8663.853973	0.086993	-0.009301	10056.111328
8663.854932	0.087034	-0.009301	10139.576172
8664.847891	1.064440	0.001543	541.799805
8664.848885	1.485751	0.001543	2018.635986
8664.849774	1.471534	0.001543	3326.830078
8664.850754	1.433207	0.001543	4731.372559
8664.851805	1.391975	0.001543	6194.338379
8664.852719	1.357093	0.001543	7434.721680
8664.853585	1.324688	0.001543	8581.901367
8664.854682	0.641151	0.001543	9285.244141
8664.855677	0.089681	0.001543	9374.477539
8664.856552	0.087037	0.001543	9450.634766
8664.857554	0.087103	0.001543	9537.912109
8664.858595	0.086993	0.001543	9628.472656
8664.859471	0.086938	0.001543	9704.630859
8664.860331	0.086990	0.001543	9779.442383
8664.861439	0.087048	0.001543	9875.891602
8664.862396	0.086957	0.001543	9959.109375
8664.863259	0.086876	0.001543	10034.083984
8664.864278	0.087184	0.001543	10122.923828
8665.920955	0.982643	-0.004951	415.657928
8665.921941	1.477222	-0.004951	1872.198608
8665.922848	1.474548	-0.004951	3209.613770
8665.923738	1.439857	-0.004951	4491.086914
8665.924666	1.402394	-0.004951	5792.508301
8665.925657	1.364729	-0.004951	7144.954590
8665.926575	1.331455	-0.004951	8367.230469
8665.927464	1.083127	-0.004951	9330.130859
8665.928360	0.152769	-0.004951	9467.011719
8665.929334	0.086851	-0.004951	9551.604492
8665.930256	0.087023	-0.004951	9631.839844
8665.931118	0.087144	-0.004951	9706.958008
8665.932160	0.087096	-0.004951	9797.711914
8665.933043	0.087136	-0.004951	9874.653320
8665.933963	0.087081	-0.004951	9954.768555
8665.934823	0.086964	-0.004951	10029.557617
8665.935805	0.087048	-0.004951	10115.039062
8665.936709	0.087015	-0.004951	10193.701172
8666.928629	1.044770	0.000806	496.265991
8666.929502	1.479298	0.000806	1787.693237
8666.930475	1.473373	0.000806	3221.284912
8666.931539	1.432240	0.000806	4745.188477
8666.932453	1.395945	0.000806	6021.082031
8666.933326	1.361748	0.000806	7209.888184
8666.934419	1.323541	0.000806	8656.518555
8666.935422	0.654119	0.000806	9312.599609
8666.936318	0.092721	0.000806	9395.677734
8666.937302	0.087129	0.000806	9481.412109
8666.938356	0.086993	0.000806	9573.103516
8666.939251	0.086909	0.000806	9650.887695
8666.940120	0.087136	0.000806	9726.609375
8666.941229	0.087147	0.000806	9823.255859
8666.942191	0.086869	0.000806	9906.824219
8666.943055	0.087001	0.000806	9981.993164
8666.944100	0.087026	0.000806	10072.935547
8666.945130	0.087015	0.000806	10162.561523
8668.003892	1.107107	-0.001607	606.694580
8668.004967	1.486743	-0.001607	2204.943359
8668.005841	1.467158	-0.001607	3487.239746
8668.006725	1.430808	-0.001607	4752.074219
8668.007839	1.388375	-0.001607	6298.724121
8668.008799	1.352721	-0.001607	7597.335937
8668.009672	1.321099	-0.001607	8750.655273
8668.010699	0.574918	-0.001607	9341.096680
8668.011736	0.088473	-0.001607	9432.842773
8668.012624	0.086997	-0.001607	9510.095703
8668.013564	0.087206	-0.001607	9592.069336
8668.014638	0.087169	-0.001607	9685.689453
8668.015575	0.087023	-0.001607	9767.229492
8668.016438	0.087100	-0.001607	9842.396484
8668.017486	0.087231	-0.001607	9933.815430
8668.018489	0.087092	-0.001607	10021.168945
8668.019375	0.087074	-0.001607	10098.316406
8668.020351	0.087169	-0.001607	10183.393555
8669.013430	0.987206	0.001116	414.626434
8669.014509	1.483561	0.001116	2015.388550
8669.015452	1.469601	0.001116	3401.222168
8669.016332	1.434888	0.001116	4663.923340
8669.017274	1.397512	0.001116	5980.379883
8669.018324	1.358221	0.001116	7406.512207
8669.019212	1.325859	0.001116	8583.875000
8669.020084	0.917472	0.001116	9383.910156
8669.021145	0.099419	0.001116	9489.393555
8669.022082	0.086968	0.001116	9570.882812
8669.022947	0.086993	0.001116	9646.131836
8669.023865	0.087147	0.001116	9726.132812
8669.024944	0.087059	0.001116	9820.070312
8669.025820	0.087052	0.001116	9896.328125
8669.026683	0.086982	0.001116	9971.393555
8669.027713	0.087100	0.001116	10061.106445
8669.028683	0.087059	0.001116	10145.553711
8669.029553	0.087078	0.001116	10221.311523
8670.084637	1.065710	0.001869	542.446594
8670.085541	1.482708	0.001869	1882.814209
8670.086408	1.473911	0.001869	3160.695312
8670.087517	1.432097	0.001869	4748.891113
8670.088494	1.393784	0.001869	6110.618164
8670.089358	1.360873	0.001869	7286.412109
8670.090381	1.324449	0.001869	8641.324219
8670.091435	0.638566	0.001869	9314.372070
8670.092317	0.092161	0.001869	9395.658203
8670.093204	0.086968	0.001869	9472.798828
8670.094315	0.087180	0.001869	9569.656250
8670.095266	0.087048	0.001869	9652.439453
8670.096124	0.087114	0.001869	9727.183594
8670.097132	0.087177	0.001869	9815.057617
8670.098169	0.087081	0.001869	9905.361328
8670.099057	0.087063	0.001869	9982.672852
8670.099973	0.087129	0.001869	10062.483398
8670.101041	0.087074	0.001869	10155.478516
8671.098379	1.076272	0.006985	528.449585
8671.099277	1.481093	0.006985	1858.470703
8671.100149	1.475691	0.006985	3145.273193
8671.101170	1.437122	0.006985	4612.574219
8671.102059	1.400211	0.006985	5857.361816
8671.102974	1.365714	0.006985	7106.990234
8671.103867	1.333575	0.006985	8297.873047
8671.104830	1.054204	0.006985	9313.071289
8671.105746	0.134663	0.006985	9436.422852
8671.106626	0.086924	0.006985	9512.916016
8671.107552	0.087074	0.006985	9593.546875
8671.108531	0.087019	0.006985	9678.738281
8671.109449	0.087118	0.006985	9758.712891
8671.110314	0.087085	0.006985	9834.041016
8671.111343	0.087162	0.006985	9923.730469
8671.112221	0.087169	0.006985	10000.264648
8671.113123	0.087100	0.006985	10078.828125
8671.114000	0.087180	0.006985	10155.285156
8672.163377	1.072299	-0.000556	583.330444
8672.164435	1.486220	-0.000556	2155.750732
8672.165336	1.467074	-0.000556	3477.584473
8672.166204	1.431284	-0.000556	4719.939453
8672.167295	1.389470	-0.000556	6235.851562
8672.168290	1.352765	-0.000556	7581.852539
8672.169162	1.321329	-0.000556	8734.051758
8672.170230	0.524524	-0.000556	9294.243164
8672.171267	0.088114	-0.000556	9385.617187
8672.172155	0.087030	-0.000556	9462.899414
8672.173062	0.087125	-0.000556	9541.921875
8672.174142	0.087319	-0.000556	9636.226562
8672.175090	0.087096	-0.000556	9718.793945
8672.175960	0.087114	-0.000556	9794.583008
8672.177017	0.087272	-0.000556	9886.829102
8672.178037	0.087228	-0.000556	9975.801758
8672.178930	0.087180	-0.000556	10053.653320
8672.179876	0.087319	-0.000556	10136.257812
8673.188294	0.988531	0.004524	429.022644
8673.189155	1.474592	0.004524	1698.646484
8673.190179	1.473300	0.004524	3207.305176
8673.191219	1.433170	0.004524	4697.802246
8673.192113	1.397933	0.004524	5947.554687
8673.193064	1.362180	0.004524	7242.987793
8673.194127	1.323479	0.004524	8649.845703
8673.195060	0.762997	0.004524	9361.721680
8673.195927	0.098778	0.004524	9447.362305
8673.197004	0.087228	0.004524	9541.306641
8673.198006	0.087224	0.004524	9628.705078
8673.198895	0.087070	0.004524	9706.110352
8673.199867	0.087242	0.004524	9790.910156
8673.200936	0.087261	0.004524	9884.191406
8673.201850	0.087158	0.004524	9963.853516
8673.202709	0.087059	0.004524	10038.637695
8673.203800	0.087217	0.004524	10133.791016
8673.204792	0.087191	0.004524	10220.284180
8674.241043	1.062048	-0.003166	532.086182
8674.241921	1.480657	-0.003166	1832.102783
8674.242788	1.476097	-0.003166	3111.879395
8674.243858	1.435009	-0.003166	4647.338867
8674.244816	1.396989	-0.003166	5985.653809
8674.245691	1.363806	-0.003166	7178.984375
8674.246590	1.330137	-0.003166	8374.777344
8674.247706	0.820869	-0.003166	9290.867187
8674.248575	0.101836	-0.003166	9379.362305
8674.249443	0.087059	-0.003166	9454.929687
8674.250458	0.087147	-0.003166	9543.383789
8674.251433	0.086957	-0.003166	9628.166992
8674.252314	0.087067	-0.003166	9704.873047
8674.253194	0.087067	-0.003166	9781.492187
8674.254309	0.087056	-0.003166	9878.559570
8674.255203	0.087012	-0.003166	9956.347656
8674.256068	0.087048	-0.003166	10031.644531
8674.257124	0.087195	-0.003166	10123.722656
8675.275198	0.988542	0.003529	421.119110
8675.276142	1.474321	0.003529	1812.878540
8675.277202	1.469758	0.003529	3370.822266
8675.278150	1.432493	0.003529	4728.825195
8675.279016	1.397871	0.003529	5939.381836
8675.280074	1.358243	0.003529	7376.403320
8675.281089	1.321956	0.003529	8718.188477
8675.281983	0.750802	0.003529	9389.405273
8675.282974	0.097478	0.003529	9486.005859
8675.284015	0.087151	0.003529	9576.729492
8675.284928	0.087133	0.003529	9656.281250
8675.285786	0.087166	0.003529	9731.069336
8675.286840	0.087122	0.003529	9822.895508
8675.287833	0.087096	0.003529	9909.381836
8675.288709	0.087085	0.003529	9985.667969
8675.289683	0.087213	0.003529	10070.613281
8675.290735	0.087125	0.003529	10162.268555
8675.291634	0.086938	0.003529	10240.425781
8676.316602	1.001909	0.003424	426.813354
8676.317659	1.484473	0.003424	1995.900879
8676.318555	1.471659	0.003424	3314.507324
8676.319437	1.437169	0.003424	4582.090820
8676.320429	1.398790	0.003424	5969.690918
8676.321384	1.361726	0.003424	7270.139160
8676.322304	1.328522	0.003424	8492.378906
8676.323171	1.005396	0.003424	9364.056641
8676.324217	0.107344	0.003424	9476.337891
8676.325095	0.087019	0.003424	9552.740234
8676.325962	0.087140	0.003424	9628.290039
8676.326890	0.087250	0.003424	9709.257812
8676.327893	0.087023	0.003424	9796.541992
8676.328807	0.087056	0.003424	9876.111328
8676.329695	0.087074	0.003424	9953.432617
8676.330675	0.087122	0.003424	10038.811523
8676.331590	0.087074	0.003424	10118.484375
8676.332508	0.087070	0.003424	10198.415039
8677.367336	1.073437	-0.001333	562.481201
8677.368217	1.482085	-0.001333	1868.198120
8677.369089	1.473402	-0.001333	3153.004883
8677.370210	1.431771	-0.001333	4758.020508
8677.371174	1.393773	-0.001333	6101.618164
8677.372037	1.361045	-0.001333	7276.200195
8677.373081	1.323344	-0.001333	8657.770508
8677.374117	0.632139	-0.001333	9312.666016
8677.375000	0.092347	-0.001333	9394.208984
8677.375922	0.087103	-0.001333	9474.518555
8677.376996	0.087144	-0.001333	9568.110352
8677.377913	0.087008	-0.001333	9647.896484
8677.378780	0.087089	-0.001333	9723.402344
8677.379831	0.087177	-0.001333	9815.024414
8677.380859	0.087030	-0.001333	9904.491211
8677.381756	0.087063	-0.001333	9982.586914
8677.382715	0.087202	-0.001333	10066.213867
8677.383772	0.087133	-0.001333	10158.312500
8678.391246	0.994131	0.004911	430.458618
8678.392108	1.474383	0.004911	1701.377197
8678.393186	1.471798	0.004911	3287.975586
8678.394195	1.432405	0.004911	4733.271973
8678.395078	1.397556	0.004911	5967.313965
8678.396081	1.360133	0.004911	7331.527344
8678.397147	1.321677	0.004911	8740.435547
8678.398052	0.713060	0.004911	9385.754883
8678.398908	0.096552	0.004911	9468.403320
8678.400015	0.087268	0.004911	9565.008789
8678.400969	0.087085	0.004911	9648.087891
8678.401839	0.087074	0.004911	9723.841797
8678.402833	0.087206	0.004911	9810.524414
8678.403913	0.087187	0.004911	9904.686523
8678.404795	0.087195	0.004911	9981.592773
8678.405656	0.087136	0.004911	10056.617187
8678.406743	0.087220	0.004911	10151.425781
8678.407710	0.087078	0.004911	10235.629883
8679.457265	1.037468	-0.005486	496.947327
8679.458151	1.479034	-0.005486	1807.371826
8679.459112	1.473582	-0.005486	3223.483643
8679.460178	1.432218	-0.005486	4750.228027
8679.461110	1.395242	-0.005486	6050.593262
8679.461970	1.362008	-0.005486	7221.919922
8679.463030	1.323871	-0.005486	8625.222656
8679.464064	0.663560	-0.005486	9311.343750
8679.464941	0.093417	-0.005486	9393.270508
8679.465909	0.087264	-0.005486	9477.742187
8679.466960	0.087092	-0.005486	9569.276367
8679.467876	0.087151	-0.005486	9649.106445
8679.468735	0.087162	-0.005486	9723.978516
8679.469812	0.087202	-0.005486	9817.895508
8679.470792	0.087100	-0.005486	9903.252930
8679.471681	0.087136	-0.005486	9980.716797
8679.472667	0.087195	-0.005486	10066.690430
8679.473721	0.087074	-0.005486	10158.466797
8680.467918	1.001711	0.003453	434.742798
8680.468783	1.475207	0.003453	1710.797241
8680.469887	1.470278	0.003453	3333.984375
8680.470843	1.432980	0.003453	4703.913086
8680.471716	1.398417	0.003453	5924.730957
8680.472731	1.359983	0.003453	7305.113770
8680.473786	1.322128	0.003453	8699.958984
8680.474686	0.753347	0.003453	9377.971680
8680.475627	0.098108	0.003453	9470.291016
8680.476684	0.087133	0.003453	9562.390625
8680.477623	0.087286	0.003453	9644.352539
8680.478489	0.087096	0.003453	9719.777344
8680.479554	0.087239	0.003453	9812.686523
8680.480569	0.087111	0.003453	9901.103516
8680.481459	0.087169	0.003453	9978.684570
8680.482411	0.087283	0.003453	10061.777344
8680.483456	0.087279	0.003453	10152.984375
8680.484376	0.087030	0.003453	10233.051758
8681.551298	0.991403	-0.010147	423.328888
8681.552164	1.474482	-0.010147	1700.230591
8681.553196	1.472974	-0.010147	3220.339355
8681.554154	1.436001	-0.010147	4596.028320
8681.555035	1.401226	-0.010147	5830.507812
8681.555985	1.365172	-0.010147	7127.421387
8681.557045	1.326731	-0.010147	8533.755859
8681.557943	0.927898	-0.010147	9367.007812
8681.558806	0.116360	-0.010147	9467.426758
8681.559865	0.087074	-0.010147	9559.637695
8681.560807	0.087085	-0.010147	9641.671875
8681.561677	0.087136	-0.010147	9717.480469
8681.562610	0.087217	-0.010147	9798.853516
8681.563662	0.087100	-0.010147	9890.482422
8681.564541	0.087107	-0.010147	9967.049805
8681.565398	0.087067	-0.010147	10041.666016
8681.566418	0.087323	-0.010147	10130.735352
8681.567387	0.086913	-0.010147	10214.954102
8682.540495	1.015393	0.001785	452.865326
8682.541377	1.476654	0.001785	1755.274292
8682.542400	1.472882	0.001785	3262.032715
8682.543459	1.431720	0.001785	4778.224121
8682.544353	1.395978	0.001785	6026.228516
8682.545214	1.361554	0.001785	7198.526367
8682.546336	1.322648	0.001785	8682.537109
8682.547305	0.699207	0.001785	9360.068359
8682.548167	0.095420	0.001785	9442.320312
8682.549203	0.087239	0.001785	9532.699219
8682.550233	0.087169	0.001785	9622.483398
8682.551114	0.087191	0.001785	9699.298828
8682.552020	0.087239	0.001785	9778.336914
8682.553092	0.087224	0.001785	9871.840820
8682.554038	0.087059	0.001785	9954.199219
8682.554906	0.087158	0.001785	10029.852539
8682.555938	0.087268	0.001785	10119.913086
8682.556963	0.087155	0.001785	10209.246094
8683.642355	1.014459	-0.010155	489.983826
8683.643423	1.485297	-0.010155	2076.280518
8683.644319	1.469143	-0.010155	3392.632812
8683.645189	1.434701	-0.010155	4640.822754
8683.646231	1.393539	-0.010155	6092.890137
8683.647204	1.357134	-0.010155	7413.381348
8683.648091	1.325054	-0.010155	8588.704102
8683.649014	0.819785	-0.010155	9345.366211
8683.650097	0.093076	-0.010155	9446.167969
8683.650973	0.087140	-0.010155	9522.502930
8683.651831	0.087085	-0.010155	9597.221680
8683.652868	0.087301	-0.010155	9687.752930
8683.653836	0.087067	-0.010155	9772.033203
8683.654700	0.087195	-0.010155	9847.369141
8683.655560	0.087151	-0.010155	9922.319336
8683.656671	0.087169	-0.010155	10019.164062
8683.657574	0.087092	-0.010155	10097.808594
8683.658436	0.087169	-0.010155	10172.948242
8684.617156	0.989982	0.004383	426.682098
8684.618024	1.474757	0.004383	1706.771240
8684.619055	1.472534	0.004383	3224.954102
8684.620088	1.432804	0.004383	4705.040527
8684.620985	1.397483	0.004383	5958.582520
8684.621942	1.361693	0.004383	7261.722656
8684.623008	1.322706	0.004383	8671.727539
8684.623952	0.728254	0.004383	9359.199219
8684.624813	0.097119	0.004383	9442.818359
8684.625879	0.087187	0.004383	9535.759766
8684.626879	0.087162	0.004383	9622.921875
8684.627773	0.087155	0.004383	9700.837891
8684.628734	0.087231	0.004383	9784.666992
8684.629776	0.087158	0.004383	9875.486328
8684.630689	0.087144	0.004383	9955.048828
8684.631550	0.087151	0.004383	10030.085937
8684.632627	0.087323	0.004383	10124.132812
8684.633621	0.087107	0.004383	10210.716797
8685.727190	1.008574	-0.010308	445.789825
8685.728067	1.476050	-0.010308	1740.285400
8685.728930	1.477101	-0.010308	3015.023437
8685.729999	1.437927	-0.010308	4552.167969
8685.730891	1.402083	-0.010308	5802.825684
8685.731759	1.368677	-0.010308	6990.836914
8685.732717	1.334132	-0.010308	8268.935547
8685.733685	1.066399	-0.010308	9301.209961
8685.734606	0.136989	-0.010308	9427.375977
8685.735479	0.087030	-0.010308	9503.353516
8685.736518	0.087155	-0.010308	9593.907227
8685.737410	0.087151	-0.010308	9671.645508
8685.738285	0.087129	-0.010308	9747.882812
8685.739143	0.087118	-0.010308	9822.629883
8685.740204	0.087081	-0.010308	9915.023437
8685.741095	0.086938	-0.010308	9992.485352
8685.741962	0.087026	-0.010308	10067.937500
8685.742950	0.087136	-0.010308	10154.028320
8686.699997	1.029012	0.003332	473.345734
8686.700878	1.477972	0.003332	1775.439331
8686.701850	1.473977	0.003332	3208.145020
8686.702909	1.432829	0.003332	4725.511719
8686.703832	1.396007	0.003332	6014.026367
8686.704698	1.362209	0.003332	7193.699707
8686.705793	1.323929	0.003332	8643.402344
8686.706786	0.692849	0.003332	9331.401367
8686.707669	0.094731	0.003332	9415.048828
8686.708681	0.087177	0.003332	9503.271484
8686.709721	0.087217	0.003332	9593.976562
8686.710615	0.087034	0.003332	9671.785156
8686.711486	0.087140	0.003332	9747.683594
8686.712577	0.087264	0.003332	9842.888672
8686.713536	0.087052	0.003332	9926.371094
8686.714393	0.087224	0.003332	10001.122070
8686.715423	0.087275	0.003332	10091.015625
8686.716456	0.087114	0.003332	10181.004883
8687.810007	1.020736	-0.008866	448.103149
8687.810889	1.476757	-0.008866	1750.602417
8687.811770	1.477500	-0.008866	3052.279785
8687.812634	1.442706	-0.008866	4298.777832
8687.813658	1.403481	-0.008866	5735.942871
8687.814591	1.368351	-0.008866	7012.614258
8687.815457	1.335835	-0.008866	8169.447266
8687.816497	1.077576	-0.008866	9290.125977
8687.817380	0.149696	-0.008866	9422.307617
8687.818253	0.087067	-0.008866	9498.316406
8687.819247	0.087301	-0.008866	9585.093750
8687.820200	0.087103	-0.008866	9668.103516
8687.821109	0.087151	-0.008866	9747.323242
8687.821987	0.087180	-0.008866	9823.867187
8687.823008	0.087133	-0.008866	9912.829102
8687.823905	0.087209	-0.008866	9991.055664
8687.824778	0.087195	-0.008866	10067.176758
8687.825653	0.087242	-0.008866	10143.513672
8688.782871	1.054351	0.003271	537.718811
8688.783751	1.480803	0.003271	1840.825684
8688.784634	1.473545	0.003271	3141.965820
8688.785748	1.431870	0.003271	4737.069336
8688.786707	1.394319	0.003271	6074.221191
8688.787570	1.361184	0.003271	7248.922852
8688.788607	1.323669	0.003271	8621.568359
8688.789653	0.634373	0.003271	9285.122070
8688.790545	0.091952	0.003271	9367.143555
8688.791479	0.087111	0.003271	9448.504883
8688.792551	0.087191	0.003271	9541.973633
8688.793487	0.087004	0.003271	9623.410156
8688.794351	0.087136	0.003271	9698.696289
8688.795411	0.087202	0.003271	9791.130859
8688.796421	0.087078	0.003271	9879.079102
8688.797311	0.086997	0.003271	9956.506836
8688.798278	0.087184	0.003271	10040.813477
8688.799324	0.087111	0.003271	10131.931641
8689.892903	1.079813	-0.010888	578.779907
8689.893805	1.482825	-0.010888	1916.287720
8689.894682	1.473900	-0.010888	3208.898193
8689.895636	1.437188	-0.010888	4579.975098
8689.896606	1.398556	-0.010888	5936.574219
8689.897537	1.363195	-0.010888	7205.708496
8689.898408	1.331140	-0.010888	8365.131836
8689.899452	0.924324	-0.010888	9330.125977
8689.900320	0.114976	-0.010888	9429.924805
8689.901195	0.087166	-0.010888	9506.194336
8689.902088	0.087107	-0.010888	9583.980469
8689.903131	0.087030	-0.010888	9674.752930
8689.904029	0.087052	-0.010888	9752.925781
8689.904901	0.086997	-0.010888	9828.787109
8689.905883	0.087155	-0.010888	9914.373047
8689.906818	0.087085	-0.010888	9995.797852
8689.907748	0.087118	-0.010888	10076.817383
8689.908614	0.087151	-0.010888	10152.290039
8690.869704	1.007391	0.002607	437.207825
8690.870585	1.475955	0.002607	1737.523926
8690.871573	1.473662	0.002607	3193.501953
8690.872640	1.433057	0.002607	4722.573242
8690.873538	1.396945	0.002607	5977.029297
8690.874427	1.362067	0.002607	7187.906250
8690.875547	1.322952	0.002607	8669.612305
8690.876510	0.718275	0.002607	9361.311523
8690.877383	0.095709	0.002607	9444.865234
8690.878423	0.087206	0.002607	9535.559570
8690.879443	0.087085	0.002607	9624.385742
8690.880327	0.087019	0.002607	9701.310547
8690.881270	0.087184	0.002607	9783.525391
8690.882322	0.087166	0.002607	9875.223633
8690.883258	0.087162	0.002607	9956.807617
8690.884127	0.087155	0.002607	10032.544922
8690.885191	0.087239	0.002607	10125.367187
8690.886209	0.087184	0.002607	10214.120117
8691.971515	0.982225	-0.006618	417.445770
8691.972547	1.481265	-0.006618	1946.110840
8691.973446	1.472293	-0.006618	3269.701660
8691.974322	1.437733	-0.006618	4529.155762
8691.975204	1.401702	-0.006618	5765.456543
8691.976254	1.363019	-0.006618	7196.625977
8691.977152	1.330290	-0.006618	8391.226562
8691.978029	1.079443	-0.006618	9337.898437
8691.979055	0.134586	-0.006618	9475.983398
8691.979978	0.087034	-0.006618	9556.315430
8691.980895	0.087140	-0.006618	9636.222656
8691.981756	0.087158	-0.006618	9711.265625
8691.982795	0.087158	-0.006618	9801.823242
8691.983670	0.087096	-0.006618	9878.032227
8691.984544	0.087041	-0.006618	9954.106445
8691.985515	0.087177	-0.006618	10038.754883
8691.986452	0.086990	-0.006618	10120.264648
8691.987369	0.087122	-0.006618	10200.155273
8692.959698	0.997907	0.006961	436.085144
8692.960564	1.474596	0.006961	1713.085205
8692.961623	1.471758	0.006961	3271.676758
8692.962657	1.431683	0.006961	4752.037109
8692.963541	1.396458	0.006961	5986.505859
8692.964526	1.360085	0.006961	7326.189941
8692.965576	1.321772	0.006961	8714.050781
8692.966496	0.716631	0.006961	9373.351562
8692.967353	0.096650	0.006961	9456.180664
8692.968434	0.087312	0.006961	9550.565430
8692.969425	0.087048	0.006961	9636.830078
8692.970295	0.087070	0.006961	9712.581055
8692.971267	0.087253	0.006961	9797.391602
8692.972336	0.087103	0.006961	9890.504883
8692.973226	0.086993	0.006961	9967.928711
8692.974097	0.087100	0.006961	10043.791992
8692.975181	0.087122	0.006961	10138.231445
8692.976171	0.087103	0.006961	10224.463867
8694.046167	1.013035	-0.002953	449.787415
8694.047042	1.476013	-0.002953	1741.298828
8694.047903	1.477566	-0.002953	3013.482910
8694.048951	1.438531	-0.002953	4521.063965
8694.049842	1.402020	-0.002953	5770.264160
8694.050774	1.366956	-0.002953	7044.266602
8694.051636	1.333751	-0.002953	8193.959961
8694.052681	1.020769	-0.002953	9260.664062
8694.053579	0.133070	-0.002953	9380.161133
8694.054456	0.087074	-0.002953	9456.525391
8694.055445	0.087151	-0.002953	9542.717773
8694.056376	0.087173	-0.002953	9623.875977
8694.057295	0.087169	-0.002953	9703.984375
8694.058159	0.087059	-0.002953	9779.204102
8694.059185	0.086997	-0.002953	9868.462891
8694.060070	0.087026	-0.002953	9945.481445
8694.060939	0.087144	-0.002953	10021.208984
8694.061915	0.087209	-0.002953	10106.325195
8695.050717	1.011189	0.007332	461.102173
8695.051816	1.484099	0.007332	2092.126953
8695.052762	1.466733	0.007332	3479.656738
8695.053628	1.432343	0.007332	4720.065430
8695.054681	1.391144	0.007332	6184.939941
8695.055720	1.352388	0.007332	7590.070801
8695.056598	1.320597	0.007332	8749.554687
8695.057541	0.673242	0.007332	9384.421875
8695.058626	0.089465	0.007332	9481.492187
8695.059537	0.087092	0.007332	9560.833008
8695.060403	0.087008	0.007332	9636.181641
8695.061440	0.087166	0.007332	9726.572266
8695.062451	0.087008	0.007332	9814.537109
8695.063332	0.086975	0.007332	9891.162109
8695.064290	0.087144	0.007332	9974.645508
8695.065345	0.087147	0.007332	10066.585937
8695.066271	0.087147	0.007332	10147.284180
8695.067134	0.087114	0.007332	10222.463867
8696.120764	0.986627	-0.003891	419.316559
8696.121740	1.475094	-0.003891	1859.008179
8696.122689	1.472303	-0.003891	3256.224121
8696.123604	1.436788	-0.003891	4570.885254
8696.124482	1.401544	-0.003891	5801.440918
8696.125538	1.362177	-0.003891	7239.899414
8696.126433	1.329280	-0.003891	8429.604492
8696.127310	1.042354	-0.003891	9343.748047
8696.128244	0.140002	-0.003891	9474.510742
8696.129245	0.086949	-0.003891	9561.546875
8696.130164	0.087162	-0.003891	9641.648437
8696.131033	0.087067	-0.003891	9717.309570
8696.132047	0.087136	-0.003891	9805.666016
8696.132935	0.087026	-0.003891	9882.945312
8696.133857	0.087059	-0.003891	9963.213867
8696.134730	0.087085	-0.003891	10039.239258
8696.135773	0.087067	-0.003891	10130.049805
8696.136670	0.087023	-0.003891	10208.109375
8697.142727	0.998525	0.004085	434.358551
8697.143594	1.474548	0.004085	1712.791870
8697.144672	1.470612	0.004085	3298.111328
8697.145683	1.431035	0.004085	4744.887695
8697.146583	1.395923	0.004085	6001.218262
8697.147578	1.358679	0.004085	7353.104004
8697.148630	1.320835	0.004085	8742.622070
8697.149543	0.696193	0.004085	9378.246094
8697.150407	0.095325	0.004085	9460.606445
8697.151534	0.087180	0.004085	9558.858398
8697.152495	0.087059	0.004085	9642.522461
8697.153360	0.087012	0.004085	9717.787109
8697.154436	0.087180	0.004085	9811.592773
8697.155465	0.087158	0.004085	9901.278320
8697.156352	0.086938	0.004085	9978.392578
8697.157279	0.087125	0.004085	10059.157227
8697.158334	0.087184	0.004085	10151.135742
8697.159272	0.087092	0.004085	10232.828125
8698.195448	1.052347	-0.002461	503.022064
8698.196329	1.479089	-0.002461	1806.099854
8698.197294	1.473160	-0.002461	3227.699707
8698.198357	1.432016	-0.002461	4749.933105
8698.199283	1.395022	-0.002461	6041.723633
8698.200146	1.361682	-0.002461	7216.855469
8698.201205	1.324050	-0.002461	8619.024414
8698.202225	0.686964	-0.002461	9319.727539
8698.203099	0.094497	-0.002461	9402.318359
8698.204093	0.087111	-0.002461	9488.906250
8698.205171	0.087085	-0.002461	9582.784180
8698.206056	0.087041	-0.002461	9659.815430
8698.206923	0.087070	-0.002461	9735.305664
8698.208023	0.087162	-0.002461	9831.183594
8698.208998	0.087048	-0.002461	9916.055664
8698.209874	0.087067	-0.002461	9992.326172
8698.210871	0.087330	-0.002461	10079.394531
8698.211924	0.087144	-0.002461	10171.156250
8699.232711	1.005135	0.000947	439.244171
8699.233580	1.474871	0.000947	1720.906616
8699.234693	1.469344	0.000947	3356.287109
8699.235662	1.431830	0.000947	4743.730469
8699.236531	1.397260	0.000947	5957.949219
8699.237566	1.358328	0.000947	7363.818359
8699.238595	1.321205	0.000947	8723.337891
8699.239488	0.746499	0.000947	9389.961914
8699.240419	0.098049	0.000947	9481.246094
8699.241491	0.087158	0.000947	9574.679687
8699.242422	0.087122	0.000947	9655.790039
8699.243283	0.087001	0.000947	9730.697266
8699.244346	0.087235	0.000947	9823.427734
8699.245368	0.087100	0.000947	9912.443359
8699.246240	0.087118	0.000947	9988.410156
8699.247191	0.087202	0.000947	10071.339844
8699.248250	0.087111	0.000947	10163.589844
8699.249154	0.087100	0.000947	10242.328125
8700.272085	1.020615	0.002192	449.070709
8700.272966	1.476493	0.002192	1749.860962
8700.273965	1.472648	0.002192	3221.036133
8700.275034	1.431910	0.002192	4751.748047
8700.275932	1.395637	0.002192	6005.030273
8700.276801	1.361298	0.002192	7187.998047
8700.277919	1.322293	0.002192	8666.321289
8700.278890	0.702100	0.002192	9348.059570
8700.279752	0.095383	0.002192	9430.280273
8700.280798	0.087286	0.002192	9521.582031
8700.281833	0.087096	0.002192	9611.726562
8700.282723	0.087063	0.002192	9689.212891
8700.283650	0.087074	0.002192	9769.930664
8700.284702	0.087136	0.002192	9861.597656
8700.285634	0.087169	0.002192	9942.838867
8700.286498	0.087081	0.002192	10018.077148
8700.287558	0.087217	0.002192	10110.527344
8700.288577	0.087264	0.002192	10199.450195
8701.320760	1.100303	-0.002199	590.862549
8701.321784	1.485747	-0.002199	2112.267578
8701.322667	1.468660	-0.002199	3409.093994
8701.323633	1.431178	-0.002199	4791.611816
8701.324679	1.389624	-0.002199	6245.158691
8701.325607	1.354464	-0.002199	7502.101562
8701.326472	1.322834	-0.002199	8646.353516
8701.327540	0.624899	-0.002199	9313.745117
8701.328548	0.089374	-0.002199	9403.833984
8701.329426	0.087147	-0.002199	9480.349609
8701.330401	0.087286	-0.002199	9565.454102
8701.331492	0.087155	-0.002199	9660.540039
8701.332385	0.087100	-0.002199	9738.320312
8701.333254	0.087173	-0.002199	9814.073242
8701.334335	0.087257	-0.002199	9908.398437
8701.335339	0.087063	-0.002199	9995.809570
8701.336229	0.087158	-0.002199	10073.380859
8701.337205	0.087327	-0.002199	10158.611328
8702.351828	1.019886	0.004665	455.889252
8702.352707	1.476215	0.004665	1753.481812
8702.353712	1.472816	0.004665	3233.662109
8702.354771	1.432068	0.004665	4750.221680
8702.355666	1.396110	0.004665	5999.739746
8702.356526	1.362019	0.004665	7171.076172
8702.357639	1.323673	0.004665	8644.324219
8702.358617	0.726984	0.004665	9355.314453
8702.359476	0.096910	0.004665	9438.560547
8702.360545	0.087283	0.004665	9531.866211
8702.361582	0.087213	0.004665	9622.306641
8702.362449	0.087122	0.004665	9697.840820
8702.363368	0.087195	0.004665	9777.972656
8702.364428	0.087220	0.004665	9870.426758
8702.365373	0.087129	0.004665	9952.763672
8702.366236	0.087037	0.004665	10027.876953
8702.367265	0.087279	0.004665	10117.687500
8702.368303	0.087114	0.004665	10208.112305
8703.406521	0.986100	-0.004157	419.092468
8703.407547	1.480408	-0.004157	1937.990723
8703.408525	1.469348	-0.004157	3375.013184
8703.409401	1.434796	-0.004157	4631.894531
8703.410270	1.398622	-0.004157	5847.296875
8703.411399	1.358309	-0.004157	7380.828125
8703.412296	1.325284	-0.004157	8569.608398
8703.413175	0.923145	-0.004157	9381.052734
8703.414254	0.097141	-0.004157	9485.868164
8703.415211	0.087004	-0.004157	9569.131836
8703.416090	0.087166	-0.004157	9645.750000
8703.416975	0.087052	-0.004157	9722.791016
8703.418078	0.086986	-0.004157	9818.736328
8703.418962	0.087092	-0.004157	9895.725586
8703.419823	0.086982	-0.004157	9970.617187
8703.420889	0.087169	-0.004157	10063.539062
8703.421843	0.087056	-0.004157	10146.589844
8703.422705	0.087045	-0.004157	10221.622070
8704.431591	1.030994	0.003493	476.319092
8704.432464	1.477328	0.003493	1766.026367
8704.433461	1.472388	0.003493	3233.996826
8704.434516	1.431442	0.003493	4744.167969
8704.435425	1.395315	0.003493	6012.509277
8704.436295	1.361125	0.003493	7196.688477
8704.437381	1.322941	0.003493	8633.402344
8704.438357	0.712511	0.003493	9328.813477
8704.439242	0.095233	0.003493	9413.094727
8704.440237	0.087100	0.003493	9499.758789
8704.441290	0.087155	0.003493	9591.532227
8704.442179	0.087085	0.003493	9668.951172
8704.443049	0.087268	0.003493	9744.874023
8704.444165	0.087114	0.003493	9842.093750
8704.445131	0.087063	0.003493	9926.196289
8704.445998	0.087103	0.003493	10001.714844
8704.447036	0.087187	0.003493	10092.215820
8704.448074	0.087111	0.003493	10182.636719
8705.491429	1.032283	-0.002368	478.979187
8705.492309	1.477236	-0.002368	1778.947021
8705.493184	1.476584	-0.002368	3070.958496
8705.494180	1.439374	-0.002368	4504.574707
8705.495141	1.400610	-0.002368	5850.561523
8705.496063	1.365648	-0.002368	7109.688965
8705.496928	1.333451	-0.002368	8263.124023
8705.497984	0.987352	-0.002368	9305.767578
8705.498864	0.125171	-0.002368	9415.917969
8705.499736	0.087078	-0.002368	9491.849609
8705.500669	0.087155	-0.002368	9573.165039
8705.501650	0.086990	-0.002368	9658.501953
8705.502559	0.087063	-0.002368	9737.642578
8705.503433	0.087184	-0.002368	9813.840820
8705.504533	0.087059	-0.002368	9909.606445
8705.505426	0.087081	-0.002368	9987.370117
8705.506307	0.087059	-0.002368	10064.069336
8705.507163	0.087268	-0.002368	10138.770508
8706.514431	1.035751	0.001462	508.553619
8706.515309	1.479551	0.001462	1807.599243
8706.516196	1.474021	0.001462	3115.055908
8706.517302	1.432518	0.001462	4699.421387
8706.518266	1.394648	0.001462	6043.862305
8706.519134	1.361649	0.001462	7225.773926
8706.520177	1.324208	0.001462	8606.922852
8706.521214	0.668829	0.001462	9300.499023
8706.522092	0.093768	0.001462	9382.827148
8706.523022	0.087070	0.001462	9463.802734
8706.524085	0.087173	0.001462	9556.467773
8706.525025	0.087081	0.001462	9638.324219
8706.525885	0.087169	0.001462	9713.290039
8706.526936	0.087389	0.001462	9805.135742
8706.527951	0.087166	0.001462	9893.608398
8706.528826	0.087129	0.001462	9969.845703
8706.529781	0.087209	0.001462	10053.130859
8706.530843	0.087228	0.001462	10145.766602
8707.573337	1.120225	-0.000374	649.730286
8707.574387	1.486524	-0.000374	2210.580078
8707.575271	1.466103	-0.000374	3506.615479
8707.576200	1.429303	-0.000374	4834.437988
8707.577284	1.387350	-0.000374	6338.325195
8707.578229	1.351729	-0.000374	7615.708984
8707.579096	1.320439	-0.000374	8760.530273
8707.580146	0.557183	-0.000374	9345.572266
8707.581175	0.088334	-0.000374	9436.467773
8707.582042	0.087180	-0.000374	9512.052734
8707.582995	0.087235	-0.000374	9595.187500
8707.584050	0.087283	-0.000374	9687.270508
8707.584973	0.087004	-0.000374	9767.575195
8707.585839	0.087162	-0.000374	9843.057617
8707.586890	0.087187	-0.000374	9934.691406
8707.587906	0.087187	-0.000374	10023.273437
8707.588802	0.087092	-0.000374	10101.308594
8707.589768	0.087209	-0.000374	10185.552734
8708.599221	0.998163	0.001076	420.226532
8708.600322	1.483151	0.001076	2053.175293
8708.601284	1.467026	0.001076	3464.454590
8708.602160	1.432614	0.001076	4719.423828
8708.603178	1.392887	0.001076	6137.382812
8708.604231	1.353842	0.001076	7562.978027
8708.605120	1.321099	0.001076	8737.434570
8708.606002	0.727478	0.001076	9379.070312
8708.607111	0.090659	0.001076	9479.611328
8708.608058	0.087085	0.001076	9562.081055
8708.608925	0.087092	0.001076	9637.589844
8708.609946	0.087202	0.001076	9726.623047
8708.610981	0.087268	0.001076	9816.945312
8708.611874	0.087177	0.001076	9894.793945
8708.612814	0.087253	0.001076	9976.812500
8708.613882	0.087246	0.001076	10069.991211
8708.614810	0.087100	0.001076	10150.819336
8708.615677	0.087217	0.001076	10226.436523
8709.654970	0.979871	0.001370	411.545624
8709.655837	1.473124	0.001370	1688.744019
8709.656939	1.470289	0.001370	3309.002930
8709.657914	1.432672	0.001370	4705.858398
8709.658781	1.398230	0.001370	5918.124023
8709.659853	1.357694	0.001370	7373.572266
8709.660888	1.320718	0.001370	8740.515625
8709.661790	0.710530	0.001370	9381.413086
8709.662723	0.096211	0.001370	9471.177734
8709.663780	0.087209	0.001370	9563.358398
8709.664721	0.087217	0.001370	9645.429687
8709.665587	0.087206	0.001370	9720.950195
8709.666634	0.087363	0.001370	9812.419922
8709.667654	0.087125	0.001370	9901.288086
8709.668536	0.087202	0.001370	9978.200195
8709.669520	0.087250	0.001370	10064.053711
8709.670563	0.087184	0.001370	10154.986328
8709.671478	0.087257	0.001370	10234.826172
8710.685119	0.986938	0.001982	422.409668
8710.685985	1.473486	0.001982	1698.448853
8710.687062	1.471033	0.001982	3282.750977
8710.688008	1.434229	0.001982	4639.531250
8710.688889	1.399508	0.001982	5872.498047
8710.689864	1.363147	0.001982	7201.566406
8710.690886	1.325713	0.001982	8556.445312
8710.691774	0.915894	0.001982	9369.758789
8710.692634	0.115001	0.001982	9468.660156
8710.693705	0.087026	0.001982	9561.865234
8710.694632	0.087122	0.001982	9642.626953
8710.695496	0.087078	0.001982	9717.862305
8710.696447	0.087239	0.001982	9800.826172
8710.697471	0.087166	0.001982	9890.083984
8710.698361	0.087184	0.001982	9967.677734
8710.699225	0.087136	0.001982	10042.963867
8710.700270	0.087330	0.001982	10134.223633
8710.701217	0.087111	0.001982	10216.717773
8711.733786	1.067260	0.000524	552.840454
8711.734688	1.481909	0.000524	1889.522461
8711.735552	1.472992	0.000524	3162.187500
8711.736664	1.431475	0.000524	4753.987305
8711.737664	1.391770	0.000524	6145.757324
8711.738541	1.358591	0.000524	7337.242187
8711.739545	1.322468	0.000524	8665.000000
8711.740631	0.587424	0.000524	9302.942383
8711.741502	0.090557	0.000524	9381.817383
8711.742410	0.087228	0.000524	9461.020508
8711.743509	0.087118	0.000524	9556.762695
8711.744441	0.087180	0.000524	9638.014648
8711.745311	0.087235	0.000524	9713.909180
8711.746347	0.087338	0.000524	9804.390625
8711.747381	0.087030	0.000524	9894.379883
8711.748268	0.087155	0.000524	9971.685547
8711.749196	0.087286	0.000524	10052.687500
8711.750244	0.087184	0.000524	10144.056641
8712.773046	1.000664	0.002010	420.278870
8712.774100	1.483517	0.002010	1983.905518
8712.774996	1.471428	0.002010	3302.305176
8712.775871	1.437176	0.002010	4559.834473
8712.776887	1.398351	0.002010	5980.559082
8712.777820	1.361730	0.002010	7251.052734
8712.778749	1.328364	0.002010	8485.103516
8712.779612	0.999727	0.002010	9347.867187
8712.780649	0.106578	0.002010	9458.388672
8712.781547	0.087085	0.002010	9536.590820
8712.782424	0.087246	0.002010	9613.105469
8712.783388	0.087180	0.002010	9697.147461
8712.784342	0.087158	0.002010	9780.296875
8712.785258	0.087147	0.002010	9860.124023
8712.786125	0.087191	0.002010	9935.718750
8712.787168	0.087264	0.002010	10026.735352
8712.788054	0.087162	0.002010	10103.960937
8712.788924	0.087133	0.002010	10179.766602
8713.809444	1.084123	0.003295	557.239502
8713.810475	1.485388	0.003295	2088.674805
8713.811368	1.468385	0.003295	3399.942627
8713.812315	1.431606	0.003295	4755.673828
8713.813375	1.389569	0.003295	6228.617187
8713.814313	1.354413	0.003295	7499.056641
8713.815183	1.322600	0.003295	8649.718750
8713.816252	0.609163	0.003295	9300.914062
8713.817255	0.089059	0.003295	9390.240234
8713.818147	0.087023	0.003295	9467.864258
8713.819109	0.087334	0.003295	9551.879883
8713.820157	0.087151	0.003295	9643.213867
8713.821071	0.087070	0.003295	9722.795898
8713.821931	0.087041	0.003295	9797.651367
8713.822991	0.087272	0.003295	9890.159180
8713.823999	0.087096	0.003295	9977.952148
8713.824872	0.087107	0.003295	10053.996094
8713.825865	0.087253	0.003295	10140.638672
8714.864091	1.009702	0.000701	449.317413
8714.864963	1.475372	0.000701	1735.842041
8714.865824	1.477643	0.000701	3008.092529
8714.866852	1.438788	0.000701	4487.166504
8714.867763	1.401892	0.000701	5764.290039
8714.868682	1.367252	0.000701	7020.794922
8714.869550	1.334224	0.000701	8178.900879
8714.870586	1.060902	0.000701	9277.995117
8714.871486	0.138461	0.000701	9402.609375
8714.872361	0.087008	0.000701	9478.741211
8714.873362	0.087253	0.000701	9566.082031
8714.874288	0.087100	0.000701	9646.736328
8714.875211	0.087129	0.000701	9727.156250
8714.876070	0.087059	0.000701	9801.940430
8714.877110	0.087052	0.000701	9892.474609
8714.877983	0.087056	0.000701	9968.474609
8714.878855	0.087114	0.000701	10044.438477
8714.879810	0.087162	0.000701	10127.677734
8715.883989	0.998730	0.007122	440.440125
8715.884860	1.474882	0.007122	1725.062012
8715.885905	1.471641	0.007122	3262.926270
8715.886946	1.431383	0.007122	4752.996094
8715.887829	1.395890	0.007122	5985.566895
8715.888752	1.360829	0.007122	7241.611816
8715.889819	1.322318	0.007122	8652.525391
8715.890774	0.721300	0.007122	9341.367187
8715.891641	0.096562	0.007122	9425.086914
8715.892676	0.087272	0.007122	9515.413086
8715.893688	0.087206	0.007122	9603.665039
8715.894576	0.087078	0.007122	9680.990234
8715.895548	0.087286	0.007122	9765.833008
8715.896589	0.087312	0.007122	9856.724609
8715.897513	0.087140	0.007122	9937.242187
8715.898373	0.087173	0.007122	10012.210937
8715.899468	0.087323	0.007122	10107.830078
8715.900461	0.087264	0.007122	10194.483398
8716.959154	0.982745	-0.004270	411.770294
8716.960200	1.481492	-0.004270	1961.410522
8716.961081	1.472142	-0.004270	3258.367920
8716.961959	1.438063	-0.004270	4520.987305
8716.962911	1.400618	-0.004270	5854.375488
8716.963884	1.363396	-0.004270	7180.959961
8716.964806	1.330122	-0.004270	8407.332031
8716.965685	1.066289	-0.004270	9344.599609
8716.966728	0.119293	-0.004270	9469.022461
8716.967624	0.087052	-0.004270	9547.021484
8716.968495	0.087136	-0.004270	9622.916992
8716.969377	0.087275	-0.004270	9699.893555
8716.970414	0.087089	-0.004270	9790.204102
8716.971293	0.087114	-0.004270	9866.777344
8716.972156	0.087173	-0.004270	9942.007812
8716.973135	0.087206	-0.004270	10027.381836
8716.974062	0.087209	-0.004270	10108.224609
8716.974975	0.087103	-0.004270	10187.750000
8717.958687	1.055127	0.008359	556.051880
8717.959753	1.484974	0.008359	2139.034668
8717.960684	1.465345	0.008359	3503.271240
8717.961555	1.429984	0.008359	4748.787109
8717.962655	1.387811	0.008359	6275.379395
8717.963654	1.350304	0.008359	7624.333008
8717.964546	1.318542	0.008359	8800.472656
8717.965538	0.553330	0.008359	9349.375977
8717.966596	0.088213	0.008359	9442.705078
8717.967485	0.086993	0.008359	9520.041992
8717.968351	0.087067	0.008359	9595.441406
8717.969446	0.087253	0.008359	9690.984375
8717.970411	0.087078	0.008359	9775.014648
8717.971276	0.087169	0.008359	9850.416016
8717.972324	0.087286	0.008359	9941.892578
8717.973346	0.087144	0.008359	10030.953125
8717.974226	0.087253	0.008359	10107.736328
8717.975122	0.087209	0.008359	10185.875977
8719.048118	0.994863	-0.009023	418.837433
8719.049209	1.482997	-0.009023	2036.786987
8719.050201	1.465946	-0.009023	3491.005371
8719.051098	1.430804	-0.009023	4774.437012
8719.052095	1.391532	-0.009023	6161.794434
8719.053167	1.351959	-0.009023	7611.094727
8719.054061	1.319301	-0.009023	8790.549805
8719.054947	0.681193	-0.009023	9394.085937
8719.056041	0.089502	-0.009023	9492.000977
8719.057001	0.087085	-0.009023	9575.602539
8719.057871	0.087144	-0.009023	9651.416992
8719.058902	0.087089	-0.009023	9741.205078
8719.059928	0.087092	-0.009023	9830.561523
8719.060812	0.087107	-0.009023	9907.564453
8719.061731	0.087220	-0.009023	9987.719727
8719.062793	0.087290	-0.009023	10080.421875
8719.063735	0.087125	-0.009023	10162.494141
8719.064597	0.087122	-0.009023	10237.592773
8720.035389	1.102522	0.004383	611.899719
8720.036445	1.485711	0.004383	2180.810059
8720.037330	1.466569	0.004383	3478.723145
8720.038235	1.429783	0.004383	4772.676270
8720.039317	1.388507	0.004383	6275.041016
8720.040264	1.352739	0.004383	7556.084961
8720.041126	1.321648	0.004383	8695.345703
8720.042170	0.609968	0.004383	9332.152344
8720.043199	0.089041	0.004383	9423.775391
8720.044071	0.087001	0.004383	9499.639648
8720.044998	0.087213	0.004383	9580.486328
8720.046059	0.087162	0.004383	9672.964844
8720.046996	0.087129	0.004383	9754.604492
8720.047866	0.087008	0.004383	9830.301758
8720.048914	0.087191	0.004383	9921.677734
8720.049931	0.086993	0.004383	10010.150391
8720.050823	0.087001	0.004383	10087.754883
8720.051788	0.087323	0.004383	10172.021484
8721.138155	1.017605	-0.010731	481.327148
8721.139244	1.484583	-0.010731	2098.037598
8721.140200	1.465730	-0.010731	3499.275391
8721.141064	1.431310	-0.010731	4735.927246
8721.142120	1.390393	-0.010731	6204.182617
8721.143135	1.352025	-0.010731	7576.488281
8721.144032	1.319967	-0.010731	8760.499023
8721.144999	0.640356	-0.010731	9379.723633
8721.146040	0.089601	-0.010731	9472.998047
8721.146964	0.087147	-0.010731	9553.522461
8721.147821	0.087125	-0.010731	9628.188477
8721.148877	0.087224	-0.010731	9720.296875
8721.149885	0.087045	-0.010731	9808.038086
8721.150761	0.087103	-0.010731	9884.340820
8721.151737	0.087096	-0.010731	9969.346680
8721.152798	0.087147	-0.010731	10061.809570
8721.153693	0.087070	-0.010731	10139.737305
8721.154560	0.087041	-0.010731	10215.202148
8722.113006	1.037633	0.002945	491.838074
8722.113882	1.477764	0.002945	1786.359131
8722.114828	1.473431	0.002945	3180.225098
8722.115905	1.430706	0.002945	4721.094727
8722.116849	1.393224	0.002945	6036.297852
8722.117721	1.360323	0.002945	7222.500000
8722.118801	1.321813	0.002945	8650.057617
8722.119812	0.653361	0.002945	9310.605469
8722.120708	0.092574	0.002945	9393.551758
8722.121693	0.087195	0.002945	9479.438477
8722.122761	0.087177	0.002945	9572.542969
8722.123663	0.087015	0.002945	9651.031250
8722.124522	0.087111	0.002945	9725.859375
8722.125627	0.087155	0.002945	9822.165039
8722.126623	0.087001	0.002945	9908.817383
8722.127506	0.086880	0.002945	9985.532227
8722.128508	0.087312	0.002945	10073.018555
8722.129556	0.087045	0.002945	10164.241211
8723.224002	0.986638	-0.010602	420.307861
8723.225007	1.476650	-0.010602	1904.341431
8723.226068	1.467341	-0.010602	3461.190430
8723.226958	1.431507	-0.010602	4735.231934
8723.227828	1.395560	-0.010602	5949.369141
8723.228927	1.355749	-0.010602	7439.337891
8723.229893	1.321102	-0.010602	8715.522461
8723.230759	0.786266	-0.010602	9396.428711
8723.231786	0.094329	-0.010602	9493.304687
8723.232847	0.087092	-0.010602	9585.709961
8723.233722	0.087004	-0.010602	9661.838867
8723.234647	0.087125	-0.010602	9742.429687
8723.235724	0.087147	-0.010602	9836.287109
8723.236660	0.087103	-0.010602	9917.815430
8723.237532	0.087129	-0.010602	9993.791992
8723.238575	0.087122	-0.010602	10084.660156
8723.239603	0.087169	-0.010602	10174.270508
8723.240490	0.087048	-0.010602	10251.482422
8724.194740	0.994618	0.007328	416.744904
8724.195835	1.482982	0.007328	2040.610352
8724.196755	1.468825	0.007328	3391.928955
8724.197633	1.434104	0.007328	4651.072266
8724.198647	1.395051	0.007328	6065.654297
8724.199644	1.356614	0.007328	7418.198242
8724.200536	1.324556	0.007328	8599.702148
8724.201405	0.873252	0.007328	9358.557617
8724.202498	0.096152	0.007328	9463.652344
8724.203405	0.087052	0.007328	9542.608398
8724.204274	0.087217	0.007328	9618.399414
8724.205254	0.087363	0.007328	9704.015625
8724.206255	0.087107	0.007328	9791.209961
8724.207142	0.086986	0.007328	9868.366211
8724.208005	0.087059	0.007328	9943.498047
8724.209097	0.087283	0.007328	10038.810547
8724.210028	0.087030	0.007328	10119.835937
8724.210906	0.087103	0.007328	10196.312500
8725.307928	1.047477	-0.009990	543.640442
8725.309000	1.484667	-0.009990	2135.203125
8725.309915	1.465946	-0.009990	3476.543701
8725.310787	1.430742	-0.009990	4724.150879
8725.311848	1.389793	-0.009990	6198.720703
8725.312854	1.351860	-0.009990	7558.692383
8725.313753	1.319956	-0.009990	8745.333008
8725.314741	0.611429	-0.009990	9349.425781
8725.315792	0.088835	-0.009990	9442.791992
8725.316695	0.087045	-0.009990	9521.393555
8725.317559	0.087217	-0.009990	9596.749023
8725.318666	0.087316	-0.009990	9693.407227
8725.319638	0.087118	-0.009990	9778.085937
8725.320503	0.087155	-0.009990	9853.474609
8725.321580	0.087089	-0.009990	9947.269531
8725.322614	0.087133	-0.009990	10037.364258
8725.323508	0.087122	-0.009990	10115.250977
8725.324428	0.087242	-0.009990	10195.513672
8726.277575	1.002847	0.004295	429.218353
8726.278449	1.474471	0.004295	1717.906372
8726.279495	1.471066	0.004295	3256.641113
8726.280392	1.436342	0.004295	4545.039551
8726.281271	1.401760	0.004295	5777.186523
8726.282273	1.364172	0.004295	7144.086914
8726.283204	1.329565	0.004295	8381.912109
8726.284130	1.021996	0.004295	9328.280273
8726.285000	0.134513	0.004295	9445.306641
8726.286037	0.087158	0.004295	9535.689453
8726.286914	0.087118	0.004295	9612.091797
8726.287784	0.087070	0.004295	9687.842773
8726.288779	0.087206	0.004295	9774.612305
8726.289697	0.087180	0.004295	9854.643555
8726.290611	0.087166	0.004295	9934.312500
8726.291490	0.087125	0.004295	10010.895508
8726.292509	0.087177	0.004295	10099.728516
8726.293405	0.087184	0.004295	10177.845703
8727.390650	0.996346	-0.010566	421.454559
8727.391732	1.482294	-0.010566	2025.296387
8727.392714	1.466272	-0.010566	3465.175537
8727.393612	1.431361	-0.010566	4750.538086
8727.394630	1.392030	-0.010566	6167.625000
8727.395685	1.352380	-0.010566	7594.386230
8727.396568	1.319996	-0.010566	8759.943359
8727.397470	0.699690	-0.010566	9391.063477
8727.398554	0.090128	-0.010566	9488.762695
8727.399504	0.087081	-0.010566	9571.490234
8727.400367	0.087092	-0.010566	9646.650391
8727.401408	0.087257	-0.010566	9737.485352
8727.402446	0.087019	-0.010566	9827.811523
8727.403314	0.087012	-0.010566	9903.337891
8727.404233	0.087162	-0.010566	9983.439453
8727.405307	0.087195	-0.010566	10077.086914
8727.406247	0.087081	-0.010566	10158.943359
8727.407113	0.087173	-0.010566	10234.434570
8728.364479	0.991183	0.003388	425.217438
8728.365488	1.478925	0.003388	1917.452271
8728.366412	1.470692	0.003388	3276.371826
8728.367334	1.435309	0.003388	4599.726562
8728.368199	1.399534	0.003388	5810.323242
8728.369239	1.361645	0.003388	7226.434570
8728.370128	1.329401	0.003388	8408.271484
8728.371001	1.064744	0.003388	9337.792969
8728.372004	0.135560	0.003388	9473.759766
8728.372915	0.087048	0.003388	9553.060547
8728.373840	0.087122	0.003388	9633.648437
8728.374717	0.087059	0.003388	9709.999023
8728.375731	0.087048	0.003388	9798.265625
8728.376627	0.087089	0.003388	9876.296875
8728.377498	0.087133	0.003388	9952.189453
8728.378454	0.087275	0.003388	10035.625000
8728.379425	0.087041	0.003388	10120.141602
8728.380340	0.087151	0.003388	10199.884766
8729.468445	1.071881	-0.010469	547.731201
8729.469378	1.483143	-0.010469	1931.503906
8729.470249	1.472362	-0.010469	3213.931152
8729.471308	1.431240	-0.010469	4729.614746
8729.472330	1.391118	-0.010469	6151.337402
8729.473220	1.357756	-0.010469	7359.740234
8729.474190	1.323256	-0.010469	8643.297852
8729.475250	0.612437	-0.010469	9292.480469
8729.476175	0.090524	-0.010469	9376.214844
8729.477038	0.087180	-0.010469	9451.451172
8729.478129	0.087173	-0.010469	9546.556641
8729.479122	0.087151	-0.010469	9633.097656
8729.480006	0.087195	-0.010469	9710.177734
8729.480991	0.087305	-0.010469	9796.172852
8729.482036	0.087250	-0.010469	9887.348633
8729.482936	0.087122	-0.010469	9965.757812
8729.483798	0.087301	-0.010469	10041.011719
8729.484889	0.087198	-0.010469	10136.145508
8730.453449	0.993662	0.003038	433.236694
8730.454319	1.474142	0.003038	1715.740112
8730.455269	1.475120	0.003038	3117.103760
8730.456200	1.438912	0.003038	4456.731445
8730.457102	1.402954	0.003038	5722.196289
8730.457978	1.368212	0.003038	6920.749512
8730.459035	1.330953	0.003038	8327.567383
8730.459937	1.058313	0.003038	9282.166016
8730.460862	0.137695	0.003038	9409.534180
8730.461730	0.087037	0.003038	9485.083008
8730.462730	0.086968	0.003038	9572.050781
8730.463648	0.087081	0.003038	9651.991211
8730.464510	0.087169	0.003038	9727.130859
8730.465526	0.087103	0.003038	9815.627930
8730.466405	0.087089	0.003038	9892.178711
8730.467323	0.087122	0.003038	9972.156250
8730.468182	0.087056	0.003038	10046.937500
8730.469140	0.086979	0.003038	10130.262695
8731.547117	1.018568	-0.007633	484.838379
8731.548191	1.483850	-0.007633	2078.493164
8731.549151	1.465942	-0.007633	3485.797852
8731.550020	1.431207	-0.007633	4729.516602
8731.551089	1.389756	-0.007633	6215.165527
8731.552100	1.351901	-0.007633	7581.937012
8731.552990	1.319799	-0.007633	8756.557617
8731.553973	0.635050	-0.007633	9380.811523
8731.555016	0.089286	-0.007633	9473.936523
8731.555941	0.087092	-0.007633	9554.497070
8731.556799	0.087140	-0.007633	9629.262695
8731.557860	0.087279	-0.007633	9721.866211
8731.558873	0.087129	-0.007633	9810.127930
8731.559746	0.087129	-0.007633	9886.191406
8731.560724	0.087268	-0.007633	9971.540039
8731.561770	0.087136	-0.007633	10062.684570
8731.562678	0.086960	-0.007633	10141.644531
8731.563541	0.087286	-0.007633	10216.972656
8732.540416	1.021816	0.004850	506.820923
8732.541480	1.483817	0.004850	2085.602295
8732.542418	1.466257	0.004850	3460.951660
8732.543293	1.431310	0.004850	4713.347656
8732.544338	1.389957	0.004850	6165.853027
8732.545365	1.351838	0.004850	7554.190918
8732.546260	1.320044	0.004850	8735.629883
8732.547231	0.642275	0.004850	9359.279297
8732.548294	0.089246	0.004850	9454.147461
8732.549209	0.087056	0.004850	9533.803711
8732.550073	0.087136	0.004850	9609.089844
8732.551166	0.087151	0.004850	9704.345703
8732.552149	0.087052	0.004850	9789.917969
8732.553044	0.087023	0.004850	9867.803711
8732.554021	0.087308	0.004850	9953.103516
8732.555075	0.087144	0.004850	10044.953125
8732.555976	0.087122	0.004850	10123.449219
8732.556889	0.087297	0.004850	10203.151367
8733.623836	1.058112	-0.003581	554.450439
8733.624899	1.484854	-0.003581	2132.849609
8733.625815	1.465997	-0.003581	3475.703125
8733.626689	1.430160	-0.003581	4725.663086
8733.627785	1.388317	-0.003581	6247.258301
8733.628781	1.350634	-0.003581	7592.489258
8733.629686	1.318865	-0.003581	8786.061523
8733.630677	0.565107	-0.003581	9346.083008
8733.631730	0.088411	-0.003581	9439.179687
8733.632626	0.087206	-0.003581	9517.316406
8733.633514	0.087100	-0.003581	9594.661133
8733.634614	0.087239	-0.003581	9690.624023
8733.635581	0.086990	-0.003581	9774.743164
8733.636447	0.087253	-0.003581	9850.304687
8733.637493	0.087235	-0.003581	9941.552734
8733.638510	0.087195	-0.003581	10030.229492
8733.639405	0.087100	-0.003581	10108.183594
8733.640360	0.087198	-0.003581	10191.458008
8734.631433	1.049227	0.004657	529.859741
8734.632337	1.481137	0.004657	1868.807251
8734.633201	1.473413	0.004657	3141.836182
8734.634277	1.432705	0.004657	4683.426758
8734.635277	1.393063	0.004657	6076.489258
8734.636173	1.359591	0.004657	7294.682617
8734.637178	1.323706	0.004657	8625.006836
8734.638238	0.637628	0.004657	9300.892578
8734.639131	0.091802	0.004657	9382.871094
8734.639988	0.087037	0.004657	9457.461914
8734.641104	0.087246	0.004657	9554.828125
8734.642065	0.087125	0.004657	9638.555664
8734.642924	0.087078	0.004657	9713.355469
8734.643996	0.087367	0.004657	9807.012695
8734.645027	0.087239	0.004657	9896.956055
8734.645903	0.087114	0.004657	9973.268555
8734.646823	0.087136	0.004657	10053.433594
8734.647889	0.087125	0.004657	10146.309570
8735.700549	1.114552	-0.004048	619.690918
8735.701587	1.485835	-0.004048	2161.987549
8735.702469	1.466539	-0.004048	3455.475342
8735.703395	1.430467	-0.004048	4780.088379
8735.704459	1.388947	-0.004048	6257.927734
8735.705400	1.353516	-0.004048	7531.585937
8735.706265	1.321956	-0.004048	8675.077148
8735.707326	0.612048	-0.004048	9324.460937
8735.708350	0.089121	-0.004048	9415.720703
8735.709221	0.087107	-0.004048	9491.590820
8735.710182	0.087224	-0.004048	9575.413086
8735.711259	0.087085	-0.004048	9669.203125
8735.712165	0.087166	-0.004048	9748.174805
8735.713035	0.087096	-0.004048	9823.948242
8735.714088	0.087202	-0.004048	9915.772461
8735.715094	0.087184	-0.004048	10003.479492
8735.715993	0.087187	-0.004048	10081.861328
8735.716964	0.087209	-0.004048	10166.541992
8736.718315	1.037699	0.007449	487.718536
8736.719193	1.477460	0.007449	1784.928101
8736.720175	1.472534	0.007449	3230.956543
8736.721234	1.431255	0.007449	4746.655273
8736.722153	1.394692	0.007449	6028.377441
8736.723015	1.360975	0.007449	7201.538086
8736.724072	1.323633	0.007449	8600.618164
8736.725080	0.702546	0.007449	9308.785156
8736.725968	0.094717	0.007449	9392.893555
8736.726969	0.087206	0.007449	9480.186523
8736.728019	0.087177	0.007449	9571.721680
8736.728921	0.087155	0.007449	9650.334961
8736.729781	0.087118	0.007449	9725.256836
8736.730895	0.087129	0.007449	9822.318359
8736.731855	0.087100	0.007449	9905.933594
8736.732725	0.087052	0.007449	9981.668945
8736.733782	0.087264	0.007449	10073.907227
8736.734828	0.087037	0.007449	10164.948242
8737.779131	0.985836	-0.004213	417.994537
8737.780120	1.475116	-0.004213	1876.884155
8737.781176	1.467327	-0.004213	3426.381104
8737.782094	1.430804	-0.004213	4739.859375
8737.782965	1.395084	-0.004213	5954.977539
8737.784068	1.354929	-0.004213	7449.464355
8737.785039	1.320051	-0.004213	8731.234375
8737.785927	0.739545	-0.004213	9387.950195
8737.786935	0.094332	-0.004213	9483.037109
8737.787995	0.087059	-0.004213	9575.320312
8737.788888	0.087125	-0.004213	9653.123047
8737.789777	0.087169	-0.004213	9730.616211
8737.790872	0.087114	-0.004213	9826.005859
8737.791822	0.087107	-0.004213	9908.757812
8737.792682	0.087019	-0.004213	9983.593750
8737.793728	0.087220	-0.004213	10074.826172
8737.794761	0.087030	-0.004213	10164.728516
8737.795641	0.087096	-0.004213	10241.373047
8738.807310	1.055629	0.002961	532.036865
8738.808268	1.483524	0.002961	1953.253052
8738.809149	1.471586	0.002961	3249.719971
8738.810158	1.432310	0.002961	4694.920410
8738.811214	1.391085	0.002961	6163.906250
8738.812109	1.357068	0.002961	7378.481934
8738.813004	1.323768	0.002961	8563.254883
8738.814113	0.629927	0.002961	9261.843750
8738.815066	0.090033	0.002961	9347.645508
8738.815935	0.086990	0.002961	9423.239258
8738.816989	0.087261	0.002961	9515.211914
8738.818008	0.087162	0.002961	9604.030273
8738.818897	0.087070	0.002961	9681.435547
8738.819847	0.087202	0.002961	9764.277344
8738.820899	0.087162	0.002961	9855.971680
8738.821827	0.087198	0.002961	9936.891602
8738.822687	0.087074	0.002961	10011.775391
8738.823746	0.087155	0.002961	10104.072266
8739.858885	0.991447	-0.001438	425.330566
8739.859876	1.475087	-0.001438	1887.141479
8739.860924	1.467495	-0.001438	3425.076172
8739.861841	1.431251	-0.001438	4737.533203
8739.862704	1.395831	-0.001438	5942.135742
8739.863790	1.356460	-0.001438	7415.250977
8739.864788	1.320092	-0.001438	8732.702148
8739.865675	0.741625	-0.001438	9390.523437
8739.866669	0.095116	-0.001438	9485.068359
8739.867740	0.087213	-0.001438	9578.473633
8739.868608	0.087045	-0.001438	9654.028320
8739.869472	0.087144	-0.001438	9729.320312
8739.870574	0.087264	-0.001438	9825.485352
8739.871548	0.087070	-0.001438	9910.291992
8739.872416	0.087125	-0.001438	9985.916992
8739.873458	0.087316	-0.001438	10076.900391
8739.874504	0.087096	-0.001438	10168.002930
8739.875394	0.087037	-0.001438	10245.465820
8740.893229	1.088998	0.000681	588.058777
8740.894290	1.485384	0.000681	2164.051758
8740.895191	1.466074	0.000681	3484.984619
8740.896068	1.429581	0.000681	4738.727539
8740.897191	1.387244	0.000681	6296.602051
8740.898162	1.351201	0.000681	7608.618164
8740.899032	1.319766	0.000681	8756.814453
8740.900082	0.533914	0.000681	9317.423828
8740.901124	0.088096	0.000681	9409.219727
8740.902006	0.087070	0.000681	9486.015625
8740.902937	0.087228	0.000681	9567.224609
8740.903979	0.087283	0.000681	9658.172852
8740.904915	0.086990	0.000681	9739.595703
8740.905777	0.087173	0.000681	9814.738281
8740.906811	0.087155	0.000681	9904.856445
8740.907837	0.087118	0.000681	9994.239258
8740.908708	0.087133	0.000681	10070.131836
8740.909652	0.087155	0.000681	10152.405273
8741.938657	1.014386	0.001914	468.646301
8741.939549	1.477932	0.001914	1786.961914
8741.940505	1.473329	0.001914	3195.464355
8741.941472	1.435562	0.001914	4583.652344
8741.942402	1.398746	0.001914	5884.486328
8741.943269	1.365326	0.001914	7068.223633
8741.944309	1.328247	0.001914	8449.600586
8741.945199	1.009296	0.001914	9347.874023
8741.946075	0.131305	0.001914	9462.897461
8741.947019	0.087187	0.001914	9545.202148
8741.948013	0.087052	0.001914	9631.731445
8741.948917	0.087030	0.001914	9710.406250
8741.949803	0.087092	0.001914	9787.570312
8741.950809	0.087122	0.001914	9875.214844
8741.951723	0.087140	0.001914	9954.860352
8741.952641	0.087111	0.001914	10034.828125
8741.953504	0.087217	0.001914	10110.096680
8741.954548	0.087074	0.001914	10201.001953
8742.979000	0.988268	-0.000068	418.037262
8742.980079	1.481074	-0.000068	2016.116333
8742.981091	1.465433	-0.000068	3499.134766
8742.981973	1.430761	-0.000068	4761.065430
8742.982970	1.392396	-0.000068	6149.284180
8742.984037	1.352216	-0.000068	7592.098145
8742.984924	1.319484	-0.000068	8762.480469
8742.985799	0.702744	-0.000068	9377.381836
8742.986903	0.090000	-0.000068	9476.742187
8742.987879	0.087037	-0.000068	9561.690430
8742.988744	0.087100	-0.000068	9637.031250
8742.989799	0.087308	-0.000068	9729.141602
8742.990841	0.087180	-0.000068	9819.983398
8742.991733	0.087173	-0.000068	9897.741211
8742.992654	0.087155	-0.000068	9978.010742
8742.993732	0.087206	-0.000068	10072.018555
8742.994675	0.087155	-0.000068	10154.205078
8742.995542	0.087184	-0.000068	10229.793945
8744.021458	1.014119	0.001881	452.296936
8744.022324	1.474321	0.001881	1729.059326
8744.023418	1.469290	0.001881	3336.461914
8744.024405	1.430793	0.001881	4748.655273
8744.025291	1.395718	0.001881	5985.261230
8744.026275	1.358730	0.001881	7322.251953
8744.027337	1.321055	0.001881	8725.211914
8744.028229	0.743016	0.001881	9387.982422
8744.029100	0.097808	0.001881	9473.172852
8744.030192	0.087114	0.001881	9568.301758
8744.031150	0.087045	0.001881	9651.690430
8744.032007	0.087074	0.001881	9726.312500
8744.033045	0.087158	0.001881	9816.783203
8744.034119	0.087045	0.001881	9910.269531
8744.034989	0.087001	0.001881	9985.959961
8744.035913	0.087155	0.001881	10066.491211
8744.036978	0.087030	0.001881	10159.177734
8744.037913	0.087155	0.001881	10240.666992
8745.061822	0.991725	0.000999	425.449951
8745.062685	1.472867	0.000999	1696.534546
8745.063817	1.468711	0.000999	3359.115234
8745.064732	1.432588	0.000999	4669.933105
8745.065616	1.397933	0.000999	5905.706055
8745.066628	1.360016	0.000999	7282.041992
8745.067637	1.323274	0.000999	8617.225586
8745.068539	0.835225	0.000999	9370.598633
8745.069545	0.100291	0.000999	9471.491211
8745.070592	0.087063	0.000999	9562.646484
8745.071488	0.087187	0.000999	9640.766602
8745.072352	0.087111	0.000999	9716.030273
8745.073379	0.087184	0.000999	9805.568359
8745.074337	0.087034	0.000999	9888.946289
8745.075210	0.087096	0.000999	9964.981445
8745.076065	0.087239	0.000999	10039.570312
8745.077180	0.087173	0.000999	10136.767578
8745.078054	0.087100	0.000999	10212.892578
8746.104279	0.998005	0.000194	442.116364
8746.105151	1.474457	0.000194	1727.842651
8746.106185	1.471439	0.000194	3249.310547
8746.107215	1.431617	0.000194	4723.876465
8746.108095	1.395938	0.000194	5952.301758
8746.109033	1.360433	0.000194	7228.388184
8746.110117	1.321604	0.000194	8661.006836
8746.111069	0.712006	0.000194	9338.835937
8746.111932	0.096167	0.000194	9421.828125
8746.112969	0.087103	0.000194	9512.154297
8746.113993	0.086935	0.000194	9601.175781
8746.114878	0.087129	0.000194	9678.285156
8746.115845	0.087103	0.000194	9762.513672
8746.116910	0.087169	0.000194	9855.348633
8746.117830	0.087085	0.000194	9935.466797
8746.118690	0.087209	0.000194	10010.466797
8746.119757	0.087283	0.000194	10103.597656
8746.120748	0.087070	0.000194	10189.884766
8747.144649	0.994922	0.005426	432.791046
8747.145519	1.474120	0.005426	1715.275391
8747.146444	1.475193	0.005426	3079.828857
8747.147464	1.436862	0.005426	4545.427734
8747.148379	1.400738	0.005426	5827.103516
8747.149239	1.367366	0.005426	7003.038086
8747.150341	1.328632	0.005426	8467.190430
8747.151219	0.998214	0.005426	9343.622070
8747.152092	0.128610	0.005426	9455.898437
8747.152960	0.087125	0.005426	9531.523437
8747.154015	0.087133	0.005426	9623.448242
8747.154908	0.087056	0.005426	9701.188477
8747.155780	0.087089	0.005426	9777.129883
8747.156758	0.087166	0.005426	9862.377930
8747.157692	0.087129	0.005426	9943.755859
8747.158607	0.087122	0.005426	10023.471680
8747.159467	0.087144	0.005426	10098.415039
8747.160505	0.087103	0.005426	10188.828125
8748.189249	1.111967	-0.001672	621.589355
8748.190308	1.485447	-0.001672	2194.677490
8748.191198	1.465499	-0.001672	3498.971680
8748.192120	1.429182	-0.001672	4816.677734
8748.193196	1.387057	-0.001672	6309.150879
8748.194153	1.351238	-0.001672	7602.285645
8748.195025	1.319615	-0.001672	8752.990234
8748.196078	0.536074	-0.001672	9317.476562
8748.197106	0.088176	-0.001672	9408.122070
8748.198001	0.087122	-0.001672	9486.095703
8748.198953	0.087195	-0.001672	9569.105469
8748.200000	0.087129	-0.001672	9660.329102
8748.200935	0.087085	-0.001672	9741.753906
8748.201794	0.087059	-0.001672	9816.538086
8748.202852	0.087198	-0.001672	9908.793945
8748.203851	0.087122	-0.001672	9995.828125
8748.204735	0.087133	-0.001672	10072.853516
8748.205714	0.087297	-0.001672	10158.317383
8749.223491	1.097237	0.003130	605.675110
8749.224363	1.481781	0.003130	1897.788086
8749.225287	1.471278	0.003130	3257.249023
8749.226168	1.436906	0.003130	4523.162598
8749.227157	1.397721	0.003130	5905.508789
8749.228082	1.362785	0.003130	7166.084473
8749.228969	1.330653	0.003130	8346.374023
8749.229957	0.961377	0.003130	9296.214844
8749.230891	0.114016	0.003130	9402.706055
8749.231810	0.087019	0.003130	9482.676758
8749.232673	0.087209	0.003130	9557.938477
8749.233725	0.087092	0.003130	9649.559570
8749.234608	0.087184	0.003130	9726.542969
8749.235522	0.087155	0.003130	9806.202148
8749.236380	0.087136	0.003130	9880.964844
8749.237325	0.087166	0.003130	9963.335937
8749.238249	0.087037	0.003130	10043.758789
8749.239139	0.087136	0.003130	10121.309570
8750.276105	1.053889	-0.002941	531.160156
8750.277094	1.484293	-0.002941	1999.126099
8750.277987	1.470194	-0.002941	3312.009277
8750.278988	1.431625	-0.002941	4745.065430
8750.280051	1.390144	-0.002941	6222.788574
8750.280939	1.355944	-0.002941	7426.866211
8750.281825	1.322897	-0.002941	8598.953125
8750.282933	0.625005	-0.002941	9291.458984
8750.283883	0.090377	-0.002941	9377.317383
8750.284745	0.087012	-0.002941	9452.321289
8750.285789	0.087217	-0.002941	9543.375977
8750.286827	0.087078	-0.002941	9633.762695
8750.287709	0.087151	-0.002941	9710.629883
8750.288629	0.087198	-0.002941	9790.852539
8750.289721	0.087187	-0.002941	9886.061523
8750.290640	0.087125	-0.002941	9966.129883
8750.291507	0.087173	-0.002941	10041.708984
8750.292534	0.087253	-0.002941	10131.318359
8751.304128	0.992882	0.002731	424.953491
8751.304995	1.473505	0.002731	1702.482056
8751.306121	1.468469	0.002731	3355.978516
8751.307098	1.430676	0.002731	4753.749023
8751.307971	1.396029	0.002731	5972.482422
8751.309023	1.356764	0.002731	7399.797852
8751.310065	1.319279	0.002731	8774.486328
8751.310953	0.693618	0.002731	9390.418945
8751.311879	0.095343	0.002731	9478.707031
8751.312932	0.087129	0.002731	9570.454102
8751.313873	0.087034	0.002731	9652.352539
8751.314736	0.087100	0.002731	9727.519531
8751.315784	0.087209	0.002731	9818.915039
8751.316805	0.087103	0.002731	9907.847656
8751.317672	0.087034	0.002731	9983.305664
8751.318628	0.087118	0.002731	10066.590820
8751.319682	0.087125	0.002731	10158.420898
8751.320607	0.087114	0.002731	10239.001953
8752.365036	1.012233	-0.003396	480.810516
8752.366115	1.483319	-0.003396	2081.311768
8752.367056	1.466243	-0.003396	3461.046143
8752.367922	1.431757	-0.003396	4700.947266
8752.368968	1.391217	-0.003396	6156.160156
8752.369999	1.352443	-0.003396	7550.528320
8752.370881	1.320432	-0.003396	8715.149414
8752.371844	0.676033	-0.003396	9366.168945
8752.372912	0.089608	-0.003396	9461.870117
8752.373818	0.087037	-0.003396	9540.725586
8752.374686	0.087111	-0.003396	9616.337891
8752.375725	0.087074	-0.003396	9706.807617
8752.376735	0.087125	-0.003396	9794.803711
8752.377622	0.086938	-0.003396	9871.917969
8752.378578	0.087092	-0.003396	9955.177734
8752.379637	0.087162	-0.003396	10047.482422
8752.380558	0.087089	-0.003396	10127.691406
8752.381417	0.087070	-0.003396	10202.484375
8753.382929	1.054753	0.003235	535.814758
8753.383832	1.480865	0.003235	1873.036377
8753.384697	1.472666	0.003235	3146.892578
8753.385793	1.431680	0.003235	4716.013672
8753.386791	1.392191	0.003235	6105.420410
8753.387669	1.359067	0.003235	7298.681641
8753.388663	1.323094	0.003235	8613.837891
8753.389730	0.638276	0.003235	9294.878906
8753.390616	0.091765	0.003235	9376.182617
8753.391484	0.087067	0.003235	9451.756836
8753.392603	0.087264	0.003235	9549.405273
8753.393567	0.086946	0.003235	9633.220703
8753.394433	0.087206	0.003235	9708.741211
8753.395444	0.087228	0.003235	9796.928711
8753.396486	0.087114	0.003235	9887.702148
8753.397376	0.087074	0.003235	9965.198242
8753.398265	0.087198	0.003235	10042.717773
8753.399341	0.087217	0.003235	10136.563477
8754.453053	1.111648	-0.005112	586.950134
8754.453942	1.482151	-0.005112	1904.582275
8754.454884	1.470388	-0.005112	3289.687988
8754.455961	1.428354	-0.005112	4828.025391
8754.456913	1.390935	-0.005112	6152.195312
8754.457781	1.357742	-0.005112	7330.714844
8754.458846	1.320066	-0.005112	8736.584961
8754.459869	0.562961	-0.005112	9312.494141
8754.460755	0.090765	-0.005112	9392.912109
8754.461734	0.087067	-0.005112	9478.150391
8754.462791	0.087133	-0.005112	9570.250000
8754.463697	0.087048	-0.005112	9649.116211
8754.464554	0.087074	-0.005112	9723.738281
8754.465635	0.087096	-0.005112	9817.888672
8754.466635	0.087125	-0.005112	9905.013672
8754.467502	0.087089	-0.005112	9980.519531
8754.468492	0.087180	-0.005112	10066.828125
8754.469557	0.087184	-0.005112	10159.678711
